12.7 12 12 530.952 970.392 842.87 
11.3 12 12 1212.57 -2077.71 -887.757 
12.7 12 36 -2230.04 -3378.59 -1396.62 
11.3 12 36 -3667.64 -403.718 -982.646 
12.7 12 60 630.567 -738.625 -2047.65 
11.3 12 60 358.294 600.585 -1849.58 
12.7 12 84 -1509.77 -960.217 -430.175 
11.3 12 84 -1762.98 -2102.29 1983.38 
12.7 12 108 1515.45 -761.389 163.295 
11.3 12 108 858.613 846.496 1459.42 
12.7 12 132 1375.39 1139.12 1483.17 
11.3 12 132 -439.12 -491.015 1660.93 
12.7 12 156 -304.254 146.092 -1073.36 
11.3 12 156 315.97 87.4511 -329.117 
12.7 12 180 280.68 943.079 1493.73 
11.3 12 180 -926.984 -1176.5 -1050.4 
12.7 12 204 -812.07 -2081.1 723.075 
11.3 12 204 -71.4566 -917.818 -2068.63 
12.7 12 228 -714.409 -489.491 2322.84 
11.3 12 228 1898.3 967.509 -1846.54 
12.7 36 12 -87.3124 -2118.82 -544.394 
11.3 36 12 24.9398 -1177.36 2290.8 
12.7 36 36 405.277 -1889.2 -979.743 
11.3 36 36 -971.298 89.9599 804.123 
12.7 36 60 573.938 -597.969 -336.208 
11.3 36 60 -1436.43 254.711 3158.76 
12.7 36 84 -1049.45 -350.211 -1382.08 
11.3 36 84 896.913 -2263.89 -730.199 
12.7 36 108 -1643.17 -391.67 197.435 
11.3 36 108 642.534 -1656.66 444.048 
12.7 36 132 1622.69 -1159.91 -1533.16 
11.3 36 132 905.812 1628.37 602.492 
12.7 36 156 2349.49 2697.78 -229.26 
11.3 36 156 -2126.05 1503.77 -279.832 
12.7 36 180 -3801.54 1108.09 -1680.48 
11.3 36 180 -1640.81 1935.18 259.713 
12.7 36 204 2492.49 268.593 1576.1 
11.3 36 204 888.817 97.548 -283.807 
12.7 36 228 2714.68 439.071 1774.09 
11.3 36 228 571.583 1151.68 514.086 
12.7 60 12 -105.828 -1195.4 1364.83 
11.3 60 12 26.3083 -82.4482 -1823.45 
12.7 60 36 763.503 1525.35 1941.7 
11.3 60 36 2941.41 -639.054 -1033.27 
12.7 60 60 1564.49 1716.44 1442.45 
11.3 60 60 367.339 -1769.26 1852.31 
12.7 60 84 2031.9 -1424.39 -2251.91 
11.3 60 84 -3540.23 -1855.92 -640.217 
12.7 60 108 2551.39 -1006.03 -1236.21 
11.3 60 108 -840.714 563.214 3083.66 
12.7 60 132 -2821.17 -560.795 -194.647 
11.3 60 132 -3944.86 -1494.5 1614.37 
12.7 60 156 405.281 237.058 -424.734 
11.3 60 156 -403.482 1593.72 846.287 
12.7 60 180 340.683 -543.306 527.698 
11.3 60 180 -485.603 -537.805 0.757951 
12.7 60 204 -1070.09 -1528.95 -247.754 
11.3 60 204 1687.22 -152.34 -181.58 
12.7 60 228 1692.02 2518.75 -1257.97 
11.3 60 228 3600.34 -1294.59 1214.97 
12.7 84 12 -1639.8 1186.41 -1593.59 
11.3 84 12 -97.6333 -481.05 857.278 
12.7 84 36 1599.36 297.799 2533.92 
11.3 84 36 558.838 498.726 1228.97 
12.7 84 60 -2045.76 1106.45 1308.47 
11.3 84 60 592.797 1726.2 -1366.97 
12.7 84 84 -24.7829 958.923 -2881 
11.3 84 84 -1302.95 1448.44 1377.57 
12.7 84 108 -447.993 2565.64 575.376 
11.3 84 108 -4075.87 -4.48241 -1286.69 
12.7 84 132 2444.38 -130.583 -1107.38 
11.3 84 132 994.558 -95.499 1539.03 
12.7 84 156 -2895.04 -2058.06 -863.924 
11.3 84 156 1450.21 181.653 -48.8566 
12.7 84 180 -1019.07 -1650.17 -167.186 
11.3 84 180 -494.745 -2578.34 1736.22 
12.7 84 204 1045.05 -561.604 930.371 
11.3 84 204 -1441.19 666.992 610.931 
12.7 84 228 -749.003 2095.52 -1235.53 
11.3 84 228 92.8723 -35.4051 328.778 
12.7 108 12 -208.647 -1184.25 1449.79 
11.3 108 12 86.7588 815.073 -879.988 
12.7 108 36 -298.946 -705.462 85.2433 
11.3 108 36 160.822 -2331.76 -1124.21 
12.7 108 60 26.7065 3398.04 719.49 
11.3 108 60 1322.74 114.263 1470.57 
12.7 108 84 1380.93 -842.618 -1877.34 
11.3 108 84 1616.12 -1769.18 283.85 
12.7 108 108 -1520.93 501.513 -438.659 
11.3 108 108 -2689.19 -2026.56 1229.92 
12.7 108 132 -1256.18 474.916 -1636.24 
11.3 108 132 -1488.75 290.519 681.385 
12.7 108 156 834.982 -1407.47 -544.07 
11.3 108 156 317.196 4420.2 606.071 
12.7 108 180 2016.82 1496.99 12.8249 
11.3 108 180 1382.27 2125.09 2511.92 
12.7 108 204 241.256 197.366 -968.135 
11.3 108 204 637.084 2951.89 -1412.69 
12.7 108 228 -2157.64 -120.995 1575.81 
11.3 108 228 -1797.27 283.149 775.327 
12.7 132 12 -4011.76 1099.74 1268.66 
11.3 132 12 -2560.87 1166.56 225.184 
12.7 132 36 -697.059 -2226.73 1100 
11.3 132 36 -3111.32 -836.81 138.661 
12.7 132 60 380.463 2510.14 -504.396 
11.3 132 60 -24.2818 -806.866 2166.16 
12.7 132 84 -1923 1807.66 978.764 
11.3 132 84 -785.9 3027.87 731.879 
12.7 132 108 566.781 -1230.4 -672.208 
11.3 132 108 160.255 -1500.26 -3031.28 
12.7 132 132 1270.37 -278.016 415.735 
11.3 132 132 -1495.55 -1700.81 -98.9699 
12.7 132 156 619.222 1511.84 1368.3 
11.3 132 156 297.332 1209.57 -3726.11 
12.7 132 180 -714.962 -1716.33 -275.692 
11.3 132 180 -13.2726 -1630.84 -2509.55 
12.7 132 204 32.667 2476.34 1330.65 
11.3 132 204 116.421 2880.19 217.863 
12.7 132 228 772.593 5159.8 -1491.39 
11.3 132 228 -872.215 1452.58 1220.32 
12.7 156 12 2063.19 -2882.46 -1597.87 
11.3 156 12 -69.8283 -184.263 1517.27 
12.7 156 36 -259.858 960.526 129.239 
11.3 156 36 203.43 -1222.01 11.8393 
12.7 156 60 2002.73 2814.17 -2229.4 
11.3 156 60 -968.457 -1364.28 -1395.32 
12.7 156 84 1730.51 633.843 1288.26 
11.3 156 84 3136.25 1648.65 1087.43 
12.7 156 108 2756.73 -740.619 1941.74 
11.3 156 108 1840.51 -754.117 -67.4635 
12.7 156 132 764.154 196.616 -239.478 
11.3 156 132 382.322 -506.138 2128.55 
12.7 156 156 1523.42 388.354 -2112.93 
11.3 156 156 3137.48 144.085 -601.927 
12.7 156 180 478.583 -1959.87 -2538.69 
11.3 156 180 891.296 2319.13 -1986.61 
12.7 156 204 -677.089 2230.66 1503.89 
11.3 156 204 3982.8 -554.149 495.815 
12.7 156 228 -1160.98 -1954.51 -2109.12 
11.3 156 228 12.0762 -593.046 1846.74 
12.7 180 12 -1142.67 -476.309 299.493 
11.3 180 12 -1250.21 -1638.41 -2186.02 
12.7 180 36 -1027.12 351.775 1077.57 
11.3 180 36 1739.82 -698.379 2136.04 
12.7 180 60 -3424.83 -2390.39 -411.05 
11.3 180 60 192.859 -725.666 771.557 
12.7 180 84 -610.639 -1516.25 971.678 
11.3 180 84 -2109.34 -3449.19 -180.644 
12.7 180 108 -4227.88 -220.398 212.184 
11.3 180 108 1458.68 706.699 -609.519 
12.7 180 132 -2500.67 -1030.39 -625.853 
11.3 180 132 -117.82 -2870.89 -1763.96 
12.7 180 156 2812.65 -1907.85 -1006.45 
11.3 180 156 2821.38 -611.21 -1200.12 
12.7 180 180 2527.35 2079.59 -2398.97 
11.3 180 180 690.667 752.716 -406.766 
12.7 180 204 -170.675 1574.9 -1495.08 
11.3 180 204 428.279 -1859.28 376.356 
12.7 180 228 800.016 2100.68 1129.88 
11.3 180 228 3229.06 -2612.23 -1507.79 
12.7 204 12 -318.084 -2809.3 -732.492 
11.3 204 12 -754.522 1724.04 898.886 
12.7 204 36 969.114 -1464.7 816.579 
11.3 204 36 1540.29 49.9244 -1925.3 
12.7 204 60 1221.99 -702.692 -198.235 
11.3 204 60 -1351.76 -452.839 1702.5 
12.7 204 84 -416.065 -2076.36 -2197.3 
11.3 204 84 1453.12 626.269 -76.9797 
12.7 204 108 -660.587 -3027.51 -570.658 
11.3 204 108 -1102.63 252.193 -1809.74 
12.7 204 132 -3374.27 1259.8 1178.31 
11.3 204 132 -384.748 3160.35 2335.43 
12.7 204 156 -1719.05 1743.13 -2003.47 
11.3 204 156 2209.11 494.295 -1538.12 
12.7 204 180 -1136.21 -51.1853 -1697.24 
11.3 204 180 745.424 -783.044 -920.612 
12.7 204 204 202.208 369.538 -537.657 
11.3 204 204 -1113.57 -885.986 2060.96 
12.7 204 228 -867.553 -436.065 2543.23 
11.3 204 228 -3643.64 624.026 -0.578251 
12.7 228 12 663.606 -2836.92 540.596 
11.3 228 12 -1618.05 -2266.05 -321.961 
12.7 228 36 -1503.13 -1690.53 -1779.2 
11.3 228 36 1054.58 745.362 -3016.25 
12.7 228 60 -3150.45 803.603 1042.92 
11.3 228 60 -957.29 634.693 -361.511 
12.7 228 84 447.089 1807.22 -252.14 
11.3 228 84 2127.69 -2049.41 1554.23 
12.7 228 108 1365.71 92.3041 -1378.35 
11.3 228 108 -39.7459 458.238 -222.486 
12.7 228 132 -372.182 -938.924 1549.04 
11.3 228 132 1954.37 -549.985 -3651.72 
12.7 228 156 3750.65 462.699 1102.95 
11.3 228 156 -1275.97 152.435 300.411 
12.7 228 180 2357.46 754.137 -1372.99 
11.3 228 180 710.349 -458.311 -340.754 
12.7 228 204 4238 2267.38 -2334 
11.3 228 204 -1055.46 1982.05 -2501.05 
12.7 228 228 -7.48837 -1203.34 -1426.73 
11.3 228 228 25.0654 1006.69 -2221.46 
36.7 12 12 156.072 2137.39 169.048 
35.3 12 12 554.247 1221.42 -3521.29 
36.7 12 36 -58.4591 -84.3171 804.669 
35.3 12 36 -1940.11 648.5 1.94201 
36.7 12 60 2938.39 -1130.58 -583.948 
35.3 12 60 968.616 400.133 -365.57 
36.7 12 84 3935.48 -2620.14 499.783 
35.3 12 84 131.441 187.885 -287.109 
36.7 12 108 1208.97 -2380.99 -1929.19 
35.3 12 108 -113.595 -880.621 -1529.75 
36.7 12 132 1069.69 -1205.06 99.1652 
35.3 12 132 -505.403 0.102203 1917.23 
36.7 12 156 2626.05 719.071 2299.62 
35.3 12 156 1183.46 1040.11 -1095.44 
36.7 12 180 23.5677 514.14 1105.57 
35.3 12 180 1389.76 -645.492 -3697.42 
36.7 12 204 4065.99 -36.0612 1083.45 
35.3 12 204 -862.275 -3334.06 885.16 
36.7 12 228 1107.75 2206.34 6.79986 
35.3 12 228 558.209 861.409 224.641 
36.7 36 12 3281.69 816.88 -2672.26 
35.3 36 12 -282.808 1622.12 -1201.66 
36.7 36 36 318.714 -45.219 -1816.05 
35.3 36 36 -1793.22 -857.457 51.4013 
36.7 36 60 -856.635 -10.3967 -1340.63 
35.3 36 60 655.768 -485.093 -2734.54 
36.7 36 84 1840.81 341.003 -1484.34 
35.3 36 84 1062.34 -2424.39 -795.92 
36.7 36 108 -210.345 258.502 1626.33 
35.3 36 108 1614.91 -1053.55 228.684 
36.7 36 132 -353.366 -3139.15 -226.943 
35.3 36 132 -2848.07 137.825 -3406.42 
36.7 36 156 -61.836 2158.64 -1808.55 
35.3 36 156 -10.2579 426.136 -1830.28 
36.7 36 180 125.746 1304.95 2046.61 
35.3 36 180 795.502 210.87 2886.92 
36.7 36 204 -2847.26 2364.43 -2811.18 
35.3 36 204 -727.592 965.459 636.421 
36.7 36 228 -72.4484 2481.07 -1771.81 
35.3 36 228 1372.66 760.717 1651.05 
36.7 60 12 -1324.29 -560.423 -305.115 
35.3 60 12 1484.43 -881.34 1928.48 
36.7 60 36 -1918.11 4166.48 -1431.06 
35.3 60 36 222.646 1704.86 520.118 
36.7 60 60 -371.928 481.502 -810.493 
35.3 60 60 2381.77 1325.76 -95.5811 
36.7 60 84 -624.755 1286.54 -522.461 
35.3 60 84 2025.41 855.91 -1415.02 
36.7 60 108 -1887.86 -965.646 -2100.07 
35.3 60 108 -596.716 817.199 19.9872 
36.7 60 132 1581.34 861.546 1041.13 
35.3 60 132 759.711 -2966.21 -1670.79 
36.7 60 156 1421.93 2494.68 2865.42 
35.3 60 156 916.112 -730.595 -868.385 
36.7 60 180 -409.422 -592.692 768.3 
35.3 60 180 -714.201 -496.563 140.46 
36.7 60 204 506.118 2444.82 514.875 
35.3 60 204 -3156.76 2457.61 539.927 
36.7 60 228 911.148 -1978.93 -1477.04 
35.3 60 228 1005.85 -113.744 -967.499 
36.7 84 12 -1005.04 433.065 -337.192 
35.3 84 12 -2402.14 273.403 15.5066 
36.7 84 36 753.337 -1071.27 -2603.34 
35.3 84 36 285.087 -796.602 -7.37507 
36.7 84 60 1313.26 368.23 -2044.49 
35.3 84 60 -567.4 641.799 -2910.33 
36.7 84 84 -272.129 1009.39 1916.36 
35.3 84 84 1576.33 -174.072 -359.394 
36.7 84 108 3184.21 1561.96 1700.88 
35.3 84 108 -484.834 548.02 2796.58 
36.7 84 132 -850.194 1138.27 826.942 
35.3 84 132 1636.2 -696.964 3124.51 
36.7 84 156 1032.4 2147.24 -93.158 
35.3 84 156 330.126 -1101.65 -2445.16 
36.7 84 180 171.04 368.02 2817.57 
35.3 84 180 528.805 483.325 -438.308 
36.7 84 204 639.983 -44.1061 -4672.2 
35.3 84 204 451.043 772.07 -788.898 
36.7 84 228 960.706 1004.54 334.198 
35.3 84 228 867.43 -308.689 403.362 
36.7 108 12 841.683 2401.62 -767.943 
35.3 108 12 -419.339 -1681.18 -682.14 
36.7 108 36 1165.57 -733.486 -250.595 
35.3 108 36 -1800.81 3065.5 -147.761 
36.7 108 60 -2164.76 234.65 1301.14 
35.3 108 60 -2315.15 -247.955 -841.533 
36.7 108 84 -782.806 -1719.53 5081.84 
35.3 108 84 -159.978 169.883 -755.176 
36.7 108 108 -1295 -581.629 -620.244 
35.3 108 108 1276.47 -555.488 -4316.03 
36.7 108 132 1749.15 -1478.16 -1905.87 
35.3 108 132 -331.536 1923.08 885.732 
36.7 108 156 927.555 1867.83 -815.389 
35.3 108 156 -1096.54 2159.54 572.385 
36.7 108 180 2471.3 84.499 974.584 
35.3 108 180 1832.22 -2269.11 -166.204 
36.7 108 204 -398.482 -2362.56 -2364.53 
35.3 108 204 -920.061 -1977.71 391.898 
36.7 108 228 935.44 395.138 -1553.82 
35.3 108 228 341.532 979.334 -796.749 
36.7 132 12 181.531 792.727 1773.11 
35.3 132 12 155.095 978.495 -929.104 
36.7 132 36 -1553.73 -940.535 -65.2649 
35.3 132 36 -3684.95 939.83 -1520.16 
36.7 132 60 -6241.46 1769.05 -3800.8 
35.3 132 60 -2347.27 -1275.53 94.2114 
36.7 132 84 1457.97 -4276.16 -2211.75 
35.3 132 84 -636.997 2070.2 2130.52 
36.7 132 108 -146.162 296.639 -539.162 
35.3 132 108 -1259.59 3170.79 -541.646 
36.7 132 132 288.761 -83.013 -2150.82 
35.3 132 132 331.498 -1405.58 -2265.39 
36.7 132 156 425.692 -581.839 -574.361 
35.3 132 156 -784.245 2153.22 -362.269 
36.7 132 180 -857.467 110.277 -1329.73 
35.3 132 180 706.891 110.806 1754.75 
36.7 132 204 92.8102 2276.38 -1691.7 
35.3 132 204 -457.011 -2281.23 -706.895 
36.7 132 228 -2272.28 2099.68 -1570.85 
35.3 132 228 5171.27 2815.37 1029.31 
36.7 156 12 3469.7 -1453.82 146.392 
35.3 156 12 -3351.25 3364.44 -1961.53 
36.7 156 36 -590.58 -1409.37 1499.83 
35.3 156 36 839.06 -324.235 718.782 
36.7 156 60 2417.55 315.422 2793.77 
35.3 156 60 2529.88 1445.33 -393.019 
36.7 156 84 2025.53 -99.8239 271.672 
35.3 156 84 -2603.5 1477.39 -2211.24 
36.7 156 108 881.772 2285.3 119.154 
35.3 156 108 -571.88 -1256.67 -993.151 
36.7 156 132 -135.146 2159.65 519.316 
35.3 156 132 1383.22 -170.431 3076.26 
36.7 156 156 138.611 -1386.3 53.7087 
35.3 156 156 -3294.39 -1181.31 897.455 
36.7 156 180 2040.56 -1883.68 981.483 
35.3 156 180 2558.19 -1759.04 -199.864 
36.7 156 204 1345.3 -1919.95 -1410.02 
35.3 156 204 1469.61 -893.763 1643.39 
36.7 156 228 4019.86 375.621 2865.61 
35.3 156 228 -2130.51 -866.94 2157.98 
36.7 180 12 -442.596 -1292.54 -2194.58 
35.3 180 12 950.044 186.631 115.162 
36.7 180 36 2491.17 -945.062 -471.218 
35.3 180 36 1126.45 -718.29 -127.194 
36.7 180 60 3918.48 1073.89 2667.44 
35.3 180 60 546.566 -879.344 983.002 
36.7 180 84 79.7097 -1573.63 -3350.58 
35.3 180 84 812.506 -157.239 -2125.9 
36.7 180 108 1418.12 -2058.4 -723.163 
35.3 180 108 728.968 -1938.59 3403.21 
36.7 180 132 2629.11 -1036.76 -44.3312 
35.3 180 132 -1512.8 2206.75 3973.37 
36.7 180 156 388.84 -226.742 42.8981 
35.3 180 156 2754.5 -1715.95 65.6804 
36.7 180 180 318.852 188.067 1482.27 
35.3 180 180 2243.73 -114.946 -2025.18 
36.7 180 204 -1658.08 -1492.39 -2051.61 
35.3 180 204 -1658.76 -9.39382 -937.328 
36.7 180 228 1067.01 -398.626 -262.571 
35.3 180 228 -291.312 124.057 427.965 
36.7 204 12 -652.882 -2143.56 941.373 
35.3 204 12 -923.659 2504.25 -1263.35 
36.7 204 36 -1460.17 -347.286 -682.705 
35.3 204 36 -883.528 176.547 1878.64 
36.7 204 60 666.192 -1565.04 468.263 
35.3 204 60 2613.89 46.3183 -1483.97 
36.7 204 84 -1903.58 2750.9 5229.09 
35.3 204 84 -1118.92 -1963.64 -2277.4 
36.7 204 108 -1620.63 -2780.08 -904.366 
35.3 204 108 -744.471 -3692.61 541.546 
36.7 204 132 583.547 -309.185 -2360.76 
35.3 204 132 -2286.16 242.75 -2473.57 
36.7 204 156 607.37 -133.147 158.978 
35.3 204 156 -1319.54 -2643.7 -2191.46 
36.7 204 180 1238.36 2707.79 -4767.76 
35.3 204 180 -945.521 689.138 -858.87 
36.7 204 204 -2767.6 443.252 634.481 
35.3 204 204 1611.45 3808.04 895.362 
36.7 204 228 1994.62 1292.43 249.411 
35.3 204 228 1925.03 1761 612.764 
36.7 228 12 -2182.3 1278.62 -475.34 
35.3 228 12 892.054 2228.41 1944.23 
36.7 228 36 1273.7 -3792.93 -3246.82 
35.3 228 36 1621.26 -644.952 124.711 
36.7 228 60 -227.736 2534.63 402.275 
35.3 228 60 -235.99 -430.676 -2517.68 
36.7 228 84 -325.17 -321.08 -2275.79 
35.3 228 84 1930.23 1165.78 -745.704 
36.7 228 108 1460.84 -1694.06 440.525 
35.3 228 108 -735.062 -3149.65 -290.659 
36.7 228 132 770.749 -1336.58 -887.179 
35.3 228 132 -1587.63 1525.27 -987.928 
36.7 228 156 -1293.65 243.737 1190.58 
35.3 228 156 312.324 -1945.69 700.736 
36.7 228 180 -477.169 -302.42 88.323 
35.3 228 180 -3.86173 -1101.52 914.661 
36.7 228 204 979.225 -3229.03 -1748.02 
35.3 228 204 830.766 -1275.23 2933.8 
36.7 228 228 183.971 279.787 -1845.64 
35.3 228 228 -2339.32 -1704.51 -1456.99 
60.7 12 12 644.468 -624.924 -1632.22 
59.3 12 12 1053.39 918.644 -1179.57 
60.7 12 36 1579.36 -137.452 643.138 
59.3 12 36 351.613 3892.03 -2587.29 
60.7 12 60 1290.39 1431.29 -903.357 
59.3 12 60 -1836.7 55.5021 1345.73 
60.7 12 84 -473.768 -1037.41 -718.8 
59.3 12 84 3534.23 -1948.2 1751.09 
60.7 12 108 -428.596 -416.235 256.722 
59.3 12 108 124.92 -1203.11 -1950.32 
60.7 12 132 -1285.8 -3005.15 554.103 
59.3 12 132 411.681 2440.99 -920.631 
60.7 12 156 -1489.09 -2274.8 600.687 
59.3 12 156 -1186.49 -23.1123 2379.46 
60.7 12 180 -949.242 1085.17 940.77 
59.3 12 180 1504.75 1943.08 -1261.86 
60.7 12 204 579.546 -1495.56 -345.785 
59.3 12 204 -173.821 -1100.07 -1555.56 
60.7 12 228 569.105 1866.36 -2040.3 
59.3 12 228 -509.7 -696.301 1128.5 
60.7 36 12 -1452.18 604.728 1745.65 
59.3 36 12 1299.93 2408.37 -1646.15 
60.7 36 36 -3592.96 559.723 111.164 
59.3 36 36 -1233.46 1946.91 -1492.48 
60.7 36 60 -1701.96 1473.7 -2903.46 
59.3 36 60 63.558 364.505 -2159.68 
60.7 36 84 172.055 1187.62 184.695 
59.3 36 84 1412.96 -1559.59 -1787.51 
60.7 36 108 -1982.12 922.049 -1077.82 
59.3 36 108 1073.06 -848.601 -3232.93 
60.7 36 132 1178.75 -295.062 -749.285 
59.3 36 132 -784.623 708.617 -1499.85 
60.7 36 156 2999.03 259.664 926.09 
59.3 36 156 -1130.8 3323.87 841.516 
60.7 36 180 -60.0892 713.856 1317.47 
59.3 36 180 718.759 1790.45 -1246.9 
60.7 36 204 -512.732 14.7596 2935.24 
59.3 36 204 2378.57 -1930.94 -1014.52 
60.7 36 228 2226.79 1305.98 -2561.63 
59.3 36 228 -1272.87 104.52 2343.37 
60.7 60 12 1166.17 -808.4 -537.108 
59.3 60 12 2661.94 2409.55 -1009.3 
60.7 60 36 609.53 660.973 194.259 
59.3 60 36 -1886.33 -1617.23 540.892 
60.7 60 60 1517.23 -435.173 21.9762 
59.3 60 60 -632.635 893.712 -581.344 
60.7 60 84 -1805.89 996.952 -2734.41 
59.3 60 84 -1075.81 -478.571 561.067 
60.7 60 108 -972.284 2145.75 2868.71 
59.3 60 108 363.871 -1422.59 -1381.69 
60.7 60 132 -1211.4 323.267 598.456 
59.3 60 132 2098.59 2200.71 2242.57 
60.7 60 156 322.513 -259.251 534.179 
59.3 60 156 427.274 -657.415 -1542.38 
60.7 60 180 -292.531 -921.443 356.022 
59.3 60 180 863.152 217.201 -236.303 
60.7 60 204 739.598 -132.486 1191.15 
59.3 60 204 380.016 1202.09 689.709 
60.7 60 228 826.041 -1605.29 -1236.71 
59.3 60 228 -237.116 4090.48 -1846.24 
60.7 84 12 -2969.94 1581.62 1270.89 
59.3 84 12 2533.21 1214.21 1805.95 
60.7 84 36 1742.34 244.141 -1233.63 
59.3 84 36 -2311.54 324.084 -1505.05 
60.7 84 60 579.867 -1050.21 -1524.5 
59.3 84 60 -2583.31 1222.99 22.8859 
60.7 84 84 -1514.11 104.874 549.604 
59.3 84 84 -2992.64 -1699.72 2548.99 
60.7 84 108 1406.19 -2585.97 -787.953 
59.3 84 108 3377.61 820.982 -1067.86 
60.7 84 132 -863.601 1387.34 2141.95 
59.3 84 132 -355.743 -1868.69 712.523 
60.7 84 156 -1047.13 -329.124 675.056 
59.3 84 156 2679.98 1380.51 328.067 
60.7 84 180 1222.89 2322.54 -1713.56 
59.3 84 180 -1915.22 -2849.31 618.298 
60.7 84 204 2027.54 -225.518 4334.97 
59.3 84 204 1389.48 2249.68 1226.43 
60.7 84 228 2527.87 -571.776 -506.258 
59.3 84 228 -1180.61 322.714 -517.853 
60.7 108 12 1745.99 -351.061 -971.104 
59.3 108 12 -3537.67 1112.13 -1416.17 
60.7 108 36 3425.86 2487.61 -1286.01 
59.3 108 36 782.44 1185.23 -2013.83 
60.7 108 60 1632.08 -777.038 -987.955 
59.3 108 60 2263.09 -798.115 1432.32 
60.7 108 84 1116.08 1408.43 -524.014 
59.3 108 84 1858.44 2623.22 1272.31 
60.7 108 108 552.462 1158.09 2088.77 
59.3 108 108 195.791 1169.53 -2131.64 
60.7 108 132 1393.22 2009.03 -1119.37 
59.3 108 132 -1550.34 3041.7 1939.74 
60.7 108 156 -867.261 -2474.58 -2057.98 
59.3 108 156 -1461.69 3265.77 -685.387 
60.7 108 180 -520.062 -1211.59 2365.77 
59.3 108 180 1164.73 1151.51 1705.09 
60.7 108 204 -1375.53 -1893.51 219.978 
59.3 108 204 -2222.63 -1368.01 -2219.04 
60.7 108 228 -835.892 1767.13 3836.48 
59.3 108 228 -704.978 -1418.12 -1355.1 
60.7 132 12 2702.25 831.45 1035.75 
59.3 132 12 -2209.28 -1931.76 1121.59 
60.7 132 36 -2393.23 17.0612 2234.47 
59.3 132 36 2510.38 -249.398 2687.5 
60.7 132 60 -2590.34 1250.35 -825.044 
59.3 132 60 2175.98 1612.38 -221.693 
60.7 132 84 2493.01 -611.368 2343.26 
59.3 132 84 -3646.85 -1753.88 -677.029 
60.7 132 108 1161.06 -4540.36 2194.46 
59.3 132 108 556.395 -1652.19 -883.836 
60.7 132 132 2567.47 -69.4422 3933.34 
59.3 132 132 944.846 2300.5 -2077.46 
60.7 132 156 341.383 -947.368 2006.29 
59.3 132 156 -1152.13 1025.15 -2229.16 
60.7 132 180 1238.97 -710.86 852.364 
59.3 132 180 -852.462 -1560.29 -177.665 
60.7 132 204 -324.067 1790.21 656.9 
59.3 132 204 -484.235 916.073 -1338.12 
60.7 132 228 -3034.28 905.199 -859.762 
59.3 132 228 -57.9563 -624.028 -1788.12 
60.7 156 12 -2826.06 1484.44 1472.19 
59.3 156 12 240.592 1853.73 1180.21 
60.7 156 36 -613.573 -1006.01 -2781.31 
59.3 156 36 -1327.44 -2387.79 -2098.22 
60.7 156 60 -1192.45 -1740.17 -1003.1 
59.3 156 60 2603.73 -1243.91 1437.32 
60.7 156 84 -1023.41 1607.81 -473.184 
59.3 156 84 -639.463 -3138.32 -1893.89 
60.7 156 108 -1224.86 1875.37 1412.26 
59.3 156 108 1242.26 530.2 -144.473 
60.7 156 132 1138.52 -1406.7 -3971.51 
59.3 156 132 208.828 2196.08 1210.54 
60.7 156 156 -1622.41 123.977 1660.84 
59.3 156 156 873.894 -75.5836 1453.9 
60.7 156 180 -468.68 360.998 -1004.12 
59.3 156 180 -198.085 -814.751 1596.33 
60.7 156 204 -1212.98 583.779 -567.672 
59.3 156 204 -1839.54 -770.291 2160.64 
60.7 156 228 -234.054 -373.568 -537.025 
59.3 156 228 1851.29 496.249 485.16 
60.7 180 12 31.977 271.026 2201.96 
59.3 180 12 1043.22 -1222.65 1540.67 
60.7 180 36 617.133 -885.903 1667.58 
59.3 180 36 1157.83 -1481.01 -269.175 
60.7 180 60 1197.38 -1093.22 27.1832 
59.3 180 60 -703.198 -4071.69 862.096 
60.7 180 84 -670.12 -637.962 1601.06 
59.3 180 84 880.152 -3742.75 -960.049 
60.7 180 108 633.9 -1345.25 -598.301 
59.3 180 108 -1081.76 272.697 647.292 
60.7 180 132 1329.74 508.036 815.377 
59.3 180 132 271.182 -2179.06 -1052.38 
60.7 180 156 1606.64 657.008 -820.676 
59.3 180 156 -110.913 -769.492 474.059 
60.7 180 180 1737.51 -38.72 -1821.16 
59.3 180 180 -995.001 -1876.13 1228.89 
60.7 180 204 2263.44 -623.987 -1123.99 
59.3 180 204 683.26 -2263.09 1060.46 
60.7 180 228 -1131.85 -1531.9 549.473 
59.3 180 228 1618.56 -3097.51 529.412 
60.7 204 12 1588.93 -181.166 731.336 
59.3 204 12 -2398.96 -4.99431 91.978 
60.7 204 36 766.363 867.326 194.897 
59.3 204 36 -2169.28 -1312.57 -2920.02 
60.7 204 60 279.947 -1223.05 2660.7 
59.3 204 60 939.506 1300.84 -4214.8 
60.7 204 84 387.509 -947.254 -2527.79 
59.3 204 84 -429.058 1992.9 53.4902 
60.7 204 108 -608.251 1610.74 -109.663 
59.3 204 108 -1458.95 -1468.82 2423.44 
60.7 204 132 -2112.49 -2785.92 1015.03 
59.3 204 132 1031.57 -87.2885 -2186.08 
60.7 204 156 1762.03 -662.138 -1122.51 
59.3 204 156 1718.83 -2456.63 -2400.35 
60.7 204 180 1356.54 1737.76 73.6114 
59.3 204 180 -382.576 230.802 -1920.65 
60.7 204 204 1121.42 -793.818 -1862.68 
59.3 204 204 1959.94 3020.17 -46.6892 
60.7 204 228 -462.33 878.088 1668.93 
59.3 204 228 2030.64 -42.0689 -2108.92 
60.7 228 12 -471.966 424.8 2480.79 
59.3 228 12 1042.86 -1506.09 14.8379 
60.7 228 36 2576.49 -2112.67 2.70996 
59.3 228 36 1210.07 369.523 -1003.56 
60.7 228 60 -3183.86 455.044 3047.07 
59.3 228 60 46.9459 -781.876 -1637.35 
60.7 228 84 -1692.24 2298.09 -196.582 
59.3 228 84 -646.909 -1597.41 -3549.48 
60.7 228 108 595.197 1088.39 1496.45 
59.3 228 108 -2737.66 -2484.38 -1108.43 
60.7 228 132 779.091 -1803.37 -2092.22 
59.3 228 132 -733.385 -1423.94 607.093 
60.7 228 156 497.983 -155.098 -413.077 
59.3 228 156 -1854.99 417.596 189.319 
60.7 228 180 1272.44 760.192 -2568.8 
59.3 228 180 -1470.44 261.031 -153.499 
60.7 228 204 1393.08 1982.27 -2303.22 
59.3 228 204 1910.49 546.024 115.143 
60.7 228 228 2108.11 -285.241 279.997 
59.3 228 228 774.299 310.796 339.653 
84.7 12 12 -1749.98 -1175.7 2829.94 
83.3 12 12 -1960.84 -2710.74 -374.996 
84.7 12 36 536.137 -79.5927 469.56 
83.3 12 36 -705.338 -1790.79 -1036.01 
84.7 12 60 515.232 -47.9548 -92.7362 
83.3 12 60 500.243 1463.88 3610.35 
84.7 12 84 -67.4324 3742.39 -567.68 
83.3 12 84 -1988.83 236.463 4882.52 
84.7 12 108 -1019.13 -1561.4 1029.53 
83.3 12 108 -4698.21 -1877.92 757.77 
84.7 12 132 -1691.7 -1005.75 1447.22 
83.3 12 132 717.411 2057.57 321.672 
84.7 12 156 1649.61 506.628 -793.029 
83.3 12 156 1780.29 736.358 -166.891 
84.7 12 180 2027.92 -1527.74 -1389.91 
83.3 12 180 -686.514 -2651.48 1054.38 
84.7 12 204 -488.226 -518.92 853.036 
83.3 12 204 1948.28 -2356.62 809.387 
84.7 12 228 1139.91 189.134 -890.498 
83.3 12 228 -732.907 1651.4 2065.33 
84.7 36 12 1016.44 -431.369 -1185.89 
83.3 36 12 -308.453 -1785.3 -1660.12 
84.7 36 36 2397.04 -1416.48 -1379.39 
83.3 36 36 -4075.04 -786.267 403.365 
84.7 36 60 1782.64 457.301 729.536 
83.3 36 60 -522.917 597.98 -8.46394 
84.7 36 84 2049.38 -884.208 2796.52 
83.3 36 84 -1735.83 1314.08 -1125.27 
84.7 36 108 1336.36 1110.35 -628.244 
83.3 36 108 1038.48 -613.276 2139.29 
84.7 36 132 -208.796 -1477.25 -729.46 
83.3 36 132 257.156 1770.98 -76.7939 
84.7 36 156 3335.59 267.495 -173.841 
83.3 36 156 1041.69 857.152 -541.423 
84.7 36 180 174.23 138.188 -911.557 
83.3 36 180 -1201.15 -923.145 366.388 
84.7 36 204 -462.298 1563.88 1790.86 
83.3 36 204 468.5 -1285.66 310.339 
84.7 36 228 4353.34 -459.314 1715.14 
83.3 36 228 530.237 1813.4 25.5416 
84.7 60 12 280.72 -523.65 -1474.57 
83.3 60 12 -2016.91 2058.51 2834.95 
84.7 60 36 303.07 -652.362 -1036.3 
83.3 60 36 -1510.34 -3014.56 -1678.47 
84.7 60 60 1676.75 3298.55 -3299.6 
83.3 60 60 630.694 -212.849 1129.35 
84.7 60 84 -1444.47 -1748.78 -1973.88 
83.3 60 84 -715.166 -2996.07 -1002.09 
84.7 60 108 819.636 -155.328 579.673 
83.3 60 108 1278.33 317.111 -401.82 
84.7 60 132 7.84724 -965.361 1371.39 
83.3 60 132 1229.86 -2083.83 504.083 
84.7 60 156 -168.264 1583.14 -944.534 
83.3 60 156 -1775.66 -347.406 -229.065 
84.7 60 180 -713.546 1936.81 -909.376 
83.3 60 180 26.527 -1094.08 2748.34 
84.7 60 204 -1381.19 -2149.67 129.966 
83.3 60 204 591.905 -1969.33 -981.02 
84.7 60 228 -257.525 281.262 645.45 
83.3 60 228 -79.4016 -941.215 114.476 
84.7 84 12 -2705.34 -180.782 287.125 
83.3 84 12 2391.88 11.3521 2886.06 
84.7 84 36 3776.74 2675.06 -741.054 
83.3 84 36 2488.36 2224.32 2013.14 
84.7 84 60 -545.087 -1259.6 568.964 
83.3 84 60 -494.644 -2318.67 -947.52 
84.7 84 84 198.038 -640.632 917.137 
83.3 84 84 -207.138 1569.69 -1376.85 
84.7 84 108 -296.374 -309.428 18.1688 
83.3 84 108 29.314 -1080.78 -251.512 
84.7 84 132 682.267 430.954 1367.74 
83.3 84 132 -2823.11 457.587 1136.41 
84.7 84 156 3217.34 2498.05 -1661.71 
83.3 84 156 -700.923 -935.873 173.173 
84.7 84 180 -1555.76 -1530.11 -992.318 
83.3 84 180 2816.7 -679.417 1466.44 
84.7 84 204 -1461.48 -52.3995 287.545 
83.3 84 204 1161.43 -788.697 1612.43 
84.7 84 228 1361.08 1547.35 -1483.85 
83.3 84 228 -771.176 1683.66 873.532 
84.7 108 12 720.983 807.539 782.525 
83.3 108 12 685.146 552.683 2442.12 
84.7 108 36 1837.41 -1888.97 82.9459 
83.3 108 36 -241.477 -563.433 -1237.93 
84.7 108 60 1092.96 843.536 1990.88 
83.3 108 60 680.463 -1491.36 442.841 
84.7 108 84 -805.03 -1614.13 -123.762 
83.3 108 84 711.738 647.948 -830.951 
84.7 108 108 -875.363 -874.216 717.998 
83.3 108 108 104.816 -2991.46 46.081 
84.7 108 132 -2302.97 227.361 571.185 
83.3 108 132 1360.46 188.125 -522.693 
84.7 108 156 587.258 -1.89293 104.86 
83.3 108 156 -305.136 199.198 628.696 
84.7 108 180 -658.633 331.833 -271.478 
83.3 108 180 -1932.46 -1518.97 389 
84.7 108 204 -1712.68 1648.75 -215.173 
83.3 108 204 1275.11 -927.344 -1267.27 
84.7 108 228 247.523 1871.14 -1652.94 
83.3 108 228 -3916.09 860.708 -444.953 
84.7 132 12 -214.525 -905.426 -1938.68 
83.3 132 12 1268.6 -1943.92 2218.98 
84.7 132 36 -805.185 -2645.91 1847.8 
83.3 132 36 1462.07 -2762.15 4964.29 
84.7 132 60 1639.28 -1947.69 -2893.07 
83.3 132 60 -1218.17 1470.71 -353.209 
84.7 132 84 -1417.97 -733.688 -745.765 
83.3 132 84 577.646 -1468.98 953.432 
84.7 132 108 -1741.79 -784.45 1824.82 
83.3 132 108 821.066 535.146 183.7 
84.7 132 132 -87.044 941.034 477.799 
83.3 132 132 450.213 -1034.33 946.078 
84.7 132 156 -1418.06 1661.72 -3649.53 
83.3 132 156 1554.07 2312.76 771.752 
84.7 132 180 -1826.93 1680.01 -1461.8 
83.3 132 180 1285.62 881.859 -1545.93 
84.7 132 204 2360.72 -736.826 125.991 
83.3 132 204 31.3565 506.892 -2111.41 
84.7 132 228 1439.97 -366.289 -2678.87 
83.3 132 228 -1352.28 1326.86 -330.691 
84.7 156 12 2094.86 992.477 1369.87 
83.3 156 12 -853.391 -536.804 -2034.09 
84.7 156 36 1084.84 2006.29 732.788 
83.3 156 36 -1465.79 3646.88 1336.34 
84.7 156 60 -1561.55 -588.806 -1834.53 
83.3 156 60 2417.45 1154.07 -2043.72 
84.7 156 84 158.76 502.951 -1870.6 
83.3 156 84 794.415 549.597 -1027.41 
84.7 156 108 94.601 -1.30023 1422.94 
83.3 156 108 -3199.43 -1615.05 1264.47 
84.7 156 132 1176.52 3924.22 -2002.48 
83.3 156 132 214.397 -794.677 765.024 
84.7 156 156 -2641.87 3781.84 680.546 
83.3 156 156 2641.96 -1427.27 -2008.89 
84.7 156 180 566.867 -115.177 1687.79 
83.3 156 180 1959.38 895.447 -875.318 
84.7 156 204 627.924 -662.173 1321.29 
83.3 156 204 907.287 -1184.66 1034.45 
84.7 156 228 506.899 2180.01 1716.76 
83.3 156 228 1000.86 1423.38 -511.079 
84.7 180 12 -770.004 1604.61 3363.39 
83.3 180 12 -120.368 -1967.97 -1031.06 
84.7 180 36 -108.242 -29.0394 532.564 
83.3 180 36 28.0487 -1236.82 862.563 
84.7 180 60 879.879 1355.57 -1089.15 
83.3 180 60 -301.615 1972.07 -441.384 
84.7 180 84 364.645 -1726.03 -3659.73 
83.3 180 84 1868.37 -992.978 -863.851 
84.7 180 108 376.567 243.73 -3555.55 
83.3 180 108 2986.51 1564.65 -1941.48 
84.7 180 132 2198.43 89.6746 -1639.35 
83.3 180 132 1406.03 -1149.38 812.274 
84.7 180 156 1917.17 -1695.08 952.486 
83.3 180 156 -1622.54 96.181 -741.185 
84.7 180 180 483.166 220.306 1692.78 
83.3 180 180 125.351 -2133.51 -853.112 
84.7 180 204 -1117.58 -2935.26 -164.65 
83.3 180 204 -342.113 541.478 -327.162 
84.7 180 228 2112.2 1066.56 -1675.35 
83.3 180 228 754.417 783.551 563.111 
84.7 204 12 468.21 122.944 -3362.67 
83.3 204 12 294.561 2168.51 1139.96 
84.7 204 36 -723.463 2654.75 59.5534 
83.3 204 36 -1116.33 2356.99 924.367 
84.7 204 60 -1062.57 510.711 603.406 
83.3 204 60 -363.565 -3758.21 -3907.41 
84.7 204 84 1846.54 2342.62 1895.45 
83.3 204 84 -401.71 -285.127 -4268.1 
84.7 204 108 2107.12 -2.95993 641.834 
83.3 204 108 -1319.9 4.15536 -1837.77 
84.7 204 132 -319.069 -1879.2 3570.37 
83.3 204 132 180.371 1167.18 -1400.39 
84.7 204 156 -525.349 2596.29 1143.62 
83.3 204 156 -607.933 2907.75 -1091.65 
84.7 204 180 180.711 2689.29 469.689 
83.3 204 180 96.6365 -4521.84 -1351.32 
84.7 204 204 -891.183 -877.128 -1350.41 
83.3 204 204 -3240.2 10.9487 -998.311 
84.7 204 228 2171.76 -1455.9 619.103 
83.3 204 228 -879.297 -1324.59 3321.23 
84.7 228 12 598.434 1092.09 -782.736 
83.3 228 12 750.441 -1630.43 -1795.67 
84.7 228 36 3477.31 2602.69 690.94 
83.3 228 36 674.526 -2626.2 -124.633 
84.7 228 60 -206.043 -417.802 -1360.44 
83.3 228 60 -525.496 -83.1814 295.627 
84.7 228 84 -2805.43 -42.0652 -671.911 
83.3 228 84 548.868 -375.748 466.715 
84.7 228 108 1259.44 -1087.28 1325.02 
83.3 228 108 754.424 -1617.49 -380.946 
84.7 228 132 -412.029 -796.551 -696.921 
83.3 228 132 -802.543 -848.984 1011.56 
84.7 228 156 779.088 -617.738 -586.75 
83.3 228 156 463.889 2336.64 925.523 
84.7 228 180 1364.33 -2760.44 1478.18 
83.3 228 180 1590.96 -927.894 -220.484 
84.7 228 204 1077.41 -2430.35 -269.078 
83.3 228 204 1035.14 -3668.32 763.744 
84.7 228 228 -1502.17 -1305.79 1213.96 
83.3 228 228 736.669 739.756 -2196.19 
108.7 12 12 -561.167 -1009.92 835.783 
107.3 12 12 2924.9 -683.983 -1104.56 
108.7 12 36 175.673 951.656 3496.04 
107.3 12 36 -1413.77 126.36 1601.51 
108.7 12 60 2851.27 -11.095 -212.861 
107.3 12 60 -1112.56 -1511.37 376.823 
108.7 12 84 -20.6968 -3065.31 1616.91 
107.3 12 84 1864.64 -533.612 1676.81 
108.7 12 108 2014.78 829.984 2501.55 
107.3 12 108 -1656.18 -1637.65 340.063 
108.7 12 132 -760.787 355.465 -401.747 
107.3 12 132 -19.4694 -162.561 961.048 
108.7 12 156 2494.53 1460.4 -712.453 
107.3 12 156 1850.22 1257.82 -902.128 
108.7 12 180 -2106.93 363.994 -263.259 
107.3 12 180 234.667 -33.5396 -865.364 
108.7 12 204 -4208.45 -2179.87 968.973 
107.3 12 204 -989.267 -881.562 2870.78 
108.7 12 228 -961.965 4655.77 -767.38 
107.3 12 228 1872.6 -1823.99 1331.65 
108.7 36 12 1580.09 -1240.89 2295.52 
107.3 36 12 1417.67 464.471 1292.44 
108.7 36 36 -1566.84 -411.365 475.155 
107.3 36 36 223.45 -3785.38 465.968 
108.7 36 60 -666.283 -245.025 -1736.67 
107.3 36 60 1171.62 -720.276 761.118 
108.7 36 84 -2498.07 -1659.68 -1298.01 
107.3 36 84 -990.39 1447.94 -896.825 
108.7 36 108 -38.8772 689.118 -399.291 
107.3 36 108 -101.074 -1096.94 1914.2 
108.7 36 132 2108.48 155.706 -2047.43 
107.3 36 132 1438.3 72.7319 -129.396 
108.7 36 156 -2076.65 -717.29 1100.65 
107.3 36 156 -933.053 351.075 2428.21 
108.7 36 180 1537.78 465.875 4243.09 
107.3 36 180 149.095 3097.56 1905.53 
108.7 36 204 207.251 695.574 -1184.94 
107.3 36 204 -1143.06 -1597.45 1790.08 
108.7 36 228 -797.725 -299.985 -2814.83 
107.3 36 228 948.207 -135.084 1737.04 
108.7 60 12 -4090.46 -2015.22 263.325 
107.3 60 12 -546.712 1328.62 -1405.63 
108.7 60 36 -31.104 1915.08 -1619.18 
107.3 60 36 -1898.41 -288.794 -1716.43 
108.7 60 60 -1404.8 -5896.67 1631.16 
107.3 60 60 -1783.51 1662.3 556.917 
108.7 60 84 -1851.11 -3287.33 -794.204 
107.3 60 84 570.338 1291.64 -1152.34 
108.7 60 108 871.485 334.112 -222.242 
107.3 60 108 1673.26 -325.382 -610.787 
108.7 60 132 665.386 1869.32 -1623.07 
107.3 60 132 -109.898 662.619 -1405.64 
108.7 60 156 836.36 414.823 1358.38 
107.3 60 156 -1883.36 1981.48 -2805.9 
108.7 60 180 -366.966 -2035.1 1070.35 
107.3 60 180 -2577.84 -88.0874 -185.662 
108.7 60 204 662.355 -248.854 -411.85 
107.3 60 204 469.058 -689.082 -766.942 
108.7 60 228 2049.82 -406 3112.5 
107.3 60 228 1135.66 1868.5 820.028 
108.7 84 12 -882.858 -1137.06 2406.14 
107.3 84 12 -1258.99 -514.308 -395.519 
108.7 84 36 -748.691 1185.03 -1512.74 
107.3 84 36 63.4301 -2804.53 1860.59 
108.7 84 60 1201.88 -432.467 286.464 
107.3 84 60 1531.83 -1883.7 562.857 
108.7 84 84 -578.727 -4036.16 -1889.85 
107.3 84 84 1797.22 -1660.47 2265.6 
108.7 84 108 -899.264 1674.51 -429.184 
107.3 84 108 2203.9 -3974.12 -349.417 
108.7 84 132 262.095 -561.973 636.79 
107.3 84 132 -1268 738.187 -1699.21 
108.7 84 156 -446.709 974.333 1259.43 
107.3 84 156 982.015 820.237 -1604.62 
108.7 84 180 -1253.95 -612.893 4324.21 
107.3 84 180 -2650.36 -1337.42 1418.36 
108.7 84 204 -332.736 -1577.59 11.8263 
107.3 84 204 -2845.9 -1509.2 -98.5467 
108.7 84 228 -165.067 -52.6258 1005.22 
107.3 84 228 -809.784 2945.28 1170.69 
108.7 108 12 2979.95 -866.888 1214.76 
107.3 108 12 1562.52 477.231 -2606.18 
108.7 108 36 610.099 -456.968 -2865.11 
107.3 108 36 126.052 2406.51 -1267.09 
108.7 108 60 92.5777 -298.985 -169.14 
107.3 108 60 -470.902 1220.09 485.033 
108.7 108 84 -1333.33 -364.824 620.609 
107.3 108 84 1724.51 4459.99 -407.38 
108.7 108 108 -2789.32 1434.93 -3466.12 
107.3 108 108 136.313 823.035 -933.4 
108.7 108 132 -593.5 2319.41 2484.37 
107.3 108 132 1440.59 1792.88 326.44 
108.7 108 156 725.875 26.7008 -322.776 
107.3 108 156 -1252.3 2499.57 -1321.44 
108.7 108 180 1787.08 948.589 2775.43 
107.3 108 180 -687.782 67.4261 1265.87 
108.7 108 204 -2189.2 -219.002 1616.71 
107.3 108 204 726.858 2873.99 -906.206 
108.7 108 228 -441.022 1880.77 403.963 
107.3 108 228 -190.81 200.591 -356.44 
108.7 132 12 3504.38 -1164.86 414.739 
107.3 132 12 1153.14 995.583 27.7683 
108.7 132 36 1144.47 -787.531 -544.744 
107.3 132 36 718.142 -820.951 -865.116 
108.7 132 60 -530.776 756.676 460.061 
107.3 132 60 -2411.87 -1357.15 491.609 
108.7 132 84 -3047.62 -1144.25 -398.942 
107.3 132 84 1854.59 -784.504 186.389 
108.7 132 108 -887.681 -654.924 -54.3492 
107.3 132 108 -1330.37 1349.97 -297.941 
108.7 132 132 562.17 -1870.01 1534.36 
107.3 132 132 1425.2 1428.06 -354.839 
108.7 132 156 417.282 424.86 843.772 
107.3 132 156 -61.5833 609.6 2258.19 
108.7 132 180 -2360.12 -1248.09 270.958 
107.3 132 180 -1754.72 -2420.94 403.832 
108.7 132 204 -745.23 822.761 1912.71 
107.3 132 204 780.446 -558.349 482.483 
108.7 132 228 -937.596 696.907 -292.626 
107.3 132 228 2347.05 -1067.45 -1227.46 
108.7 156 12 -1267.51 -335.255 -1227.47 
107.3 156 12 1221.54 360.079 1466.19 
108.7 156 36 -883.733 -1347.34 -242.804 
107.3 156 36 2212.23 -1402.23 3445.85 
108.7 156 60 781.92 -1305.54 1868.9 
107.3 156 60 -457.679 -1319.83 -2324.18 
108.7 156 84 918.478 794.149 -561.413 
107.3 156 84 1564.44 -301.516 -1611.18 
108.7 156 108 2788.26 -134.772 1129.01 
107.3 156 108 237.299 1564.37 -363.106 
108.7 156 132 -417.194 126.647 -2100.47 
107.3 156 132 1376.49 1303.81 -622.359 
108.7 156 156 1859.38 -433.647 -665.688 
107.3 156 156 -419.544 -69.0685 -1905.66 
108.7 156 180 -1430.96 1403.19 778.287 
107.3 156 180 2830.64 -500.116 -136.427 
108.7 156 204 -869.288 -1377.59 -2909.94 
107.3 156 204 511.741 255.674 -748.774 
108.7 156 228 -1090.51 -645.727 -1296.21 
107.3 156 228 -1324.57 -1105.6 3645.28 
108.7 180 12 73.2449 217.104 -2205.86 
107.3 180 12 1824.69 320.83 954.028 
108.7 180 36 -2583.46 -36.7573 -549.841 
107.3 180 36 -967.894 848.931 -1401.75 
108.7 180 60 345.54 910.916 -37.5067 
107.3 180 60 -1948.36 3296.47 1124.13 
108.7 180 84 -23.6762 -1941.54 285.364 
107.3 180 84 919.297 -485.867 -2343.8 
108.7 180 108 -907.915 -932.499 -1724.04 
107.3 180 108 -0.842735 1290.11 2628.49 
108.7 180 132 926.32 -205.66 889.811 
107.3 180 132 290.354 456.574 84.1755 
108.7 180 156 -1264.18 393.652 125.664 
107.3 180 156 -549.781 1598.93 1579.9 
108.7 180 180 952.305 -1682.43 344.96 
107.3 180 180 -3717.05 -277.694 0.728829 
108.7 180 204 320.909 -4197.5 -2680.9 
107.3 180 204 1915.72 -3346.96 444.734 
108.7 180 228 760.367 -4533.19 -376.069 
107.3 180 228 -1514.36 1147.24 -672.352 
108.7 204 12 443.945 -460.004 -2970.57 
107.3 204 12 -2436.87 -272.581 -362.289 
108.7 204 36 40.768 -79.0932 2505.35 
107.3 204 36 -797.738 1789.28 1284.27 
108.7 204 60 321.565 -1643.79 -227.842 
107.3 204 60 -2488.17 1708.41 796.554 
108.7 204 84 787.539 -1963.17 -1646.61 
107.3 204 84 -1340.87 817.659 -2345.04 
108.7 204 108 -1073.28 1983.06 823.72 
107.3 204 108 1165.4 -3860.11 1479.26 
108.7 204 132 1976.25 3174.05 2779.9 
107.3 204 132 -1844.5 2077.62 -1230.03 
108.7 204 156 -1661.1 -445.118 -1760.34 
107.3 204 156 1285.03 -596.562 472.62 
108.7 204 180 1096.62 -825.52 1555.98 
107.3 204 180 -2263.39 -480.093 -1970.96 
108.7 204 204 2513.88 98.8214 158.085 
107.3 204 204 647.8 2632.68 -1507.72 
108.7 204 228 529.046 1747.75 -2854.48 
107.3 204 228 -765.315 87.2013 481.837 
108.7 228 12 933.682 -2531.92 1067.56 
107.3 228 12 220.074 -2029.17 3226.37 
108.7 228 36 2127.56 1024.67 879.121 
107.3 228 36 -3182.93 1842.7 1404.04 
108.7 228 60 -3632.08 -1008.07 -2497.22 
107.3 228 60 1846.87 -1687.24 -3398.51 
108.7 228 84 2726.39 -2363.15 -1629.79 
107.3 228 84 2325.81 978.865 -912.09 
108.7 228 108 -464.343 2613.66 -280.375 
107.3 228 108 459.561 -1862.39 -1445.27 
108.7 228 132 761.75 -306.233 2490.36 
107.3 228 132 -2615.51 422.45 -475.914 
108.7 228 156 1145.21 619.586 -823.897 
107.3 228 156 -230.627 1083.41 1303.47 
108.7 228 180 -1459.51 -133.883 -77.6664 
107.3 228 180 1610.22 -253.587 -1531.31 
108.7 228 204 1127.53 1189.73 -1123.21 
107.3 228 204 -1286.18 902.07 808.463 
108.7 228 228 -205.483 414.419 -37.495 
107.3 228 228 -37.8193 -820.397 -1344.41 
132.7 12 12 2213.35 -1821.41 -1394.77 
131.3 12 12 -692.077 161.717 -1851.14 
132.7 12 36 -1397.68 1430.55 2192.54 
131.3 12 36 -1733.41 590.491 -1831.6 
132.7 12 60 2199.92 -784.665 420.251 
131.3 12 60 -56.3893 2319.59 -1961.58 
132.7 12 84 -714.083 -289.546 -1718.19 
131.3 12 84 -1194.91 -3666.13 788.247 
132.7 12 108 -1164.27 2572.14 1878.13 
131.3 12 108 -1010.48 -61.9254 -1945.07 
132.7 12 132 956.449 2315.31 1119.52 
131.3 12 132 2010.78 -2988.19 -274.301 
132.7 12 156 2176.24 -121.288 1276.4 
131.3 12 156 632.726 -1217.68 1827.46 
132.7 12 180 -792.26 -663.315 1326.58 
131.3 12 180 -1473.1 2150.84 -1110.46 
132.7 12 204 -10.3452 -2098.86 592.413 
131.3 12 204 -2819.68 3446.75 -1770.8 
132.7 12 228 1776.35 438.149 -1489.6 
131.3 12 228 -461.046 874.927 1672.86 
132.7 36 12 3169.76 2396.83 -502.268 
131.3 36 12 1416.74 722.585 2814.2 
132.7 36 36 -1951.1 -2896.57 -1524.6 
131.3 36 36 49.6549 696.48 1304.27 
132.7 36 60 -198.111 478.56 695.024 
131.3 36 60 -859.912 1206.03 2984.13 
132.7 36 84 509.429 1538.06 2659.08 
131.3 36 84 -2197.24 90.9161 -262.473 
132.7 36 108 -1956.22 3417.27 2812.06 
131.3 36 108 -371.886 -231.125 778.104 
132.7 36 132 195.319 1391.74 1420.83 
131.3 36 132 -4040.27 831.486 -332.393 
132.7 36 156 784.042 -1332.47 1447.82 
131.3 36 156 596.211 -152.178 -50.4175 
132.7 36 180 -508.346 830.357 846.664 
131.3 36 180 -182.727 -388.375 -1452.76 
132.7 36 204 2493.72 -1849.03 1484.43 
131.3 36 204 1432.99 1677.99 -1096.9 
132.7 36 228 -2056.81 1150.18 -3122.76 
131.3 36 228 2468.7 3519.23 1636.24 
132.7 60 12 1431.84 -288.843 -469.909 
131.3 60 12 -357.129 3160.04 2204.76 
132.7 60 36 -2410.25 563.839 353.893 
131.3 60 36 1258.71 -1359.01 1701.81 
132.7 60 60 -1891.69 -49.2858 -2765.4 
131.3 60 60 2176.54 3172.1 -235.139 
132.7 60 84 930.099 -1641.87 -763.58 
131.3 60 84 -863.072 -1397.17 -2264.44 
132.7 60 108 465.653 -770.99 -1476.54 
131.3 60 108 -2283.2 1517.58 614.156 
132.7 60 132 869.078 -2835.93 1055.23 
131.3 60 132 2929.19 -2393.57 -1344.31 
132.7 60 156 -66.9997 1901.77 -1432.82 
131.3 60 156 -578.991 967.452 866.289 
132.7 60 180 -1358.32 -774.764 -83.4316 
131.3 60 180 -474.296 129.292 -973.366 
132.7 60 204 1799.24 646.883 -216.453 
131.3 60 204 199.823 1443.85 -798.611 
132.7 60 228 2986.24 669.247 1891.47 
131.3 60 228 -2078.27 -2186.6 132.363 
132.7 84 12 264.314 1520.98 2500.61 
131.3 84 12 2530.35 -2495.16 2106.15 
132.7 84 36 -2388.76 1705.58 -714.457 
131.3 84 36 -1289.95 1209.86 1264.67 
132.7 84 60 1550.22 -579.786 -1797.23 
131.3 84 60 -958.167 1796.19 -4025.79 
132.7 84 84 1339.38 2524.38 -3417.78 
131.3 84 84 504.626 1100.25 2302.37 
132.7 84 108 -1767.75 272.175 468.888 
131.3 84 108 483.872 1842.06 2996.52 
132.7 84 132 -2980.23 813.979 -134.987 
131.3 84 132 -108.296 -735.91 2101.78 
132.7 84 156 1696.15 -776.512 1794.31 
131.3 84 156 -604.792 -505.661 1376.33 
132.7 84 180 -2903.9 -977.504 -1467.44 
131.3 84 180 -479.248 1339.14 88.5878 
132.7 84 204 -277.492 373.989 1608.39 
131.3 84 204 -2719.77 -2036.05 -2231.62 
132.7 84 228 -2001.09 -299.103 -1134.91 
131.3 84 228 446.848 -157.678 1506.92 
132.7 108 12 564.256 -3609.2 245.883 
131.3 108 12 2831.52 -2081.88 -97.5095 
132.7 108 36 -3997.89 -2766.85 -1143.29 
131.3 108 36 -3159.87 2436.85 -961.816 
132.7 108 60 -490.935 -413.661 17.6974 
131.3 108 60 -3355.16 -1222.37 -2510.71 
132.7 108 84 1941.99 705.839 -487.191 
131.3 108 84 -864.365 1428.41 1079.34 
132.7 108 108 -3771.56 5.46758 -1893.27 
131.3 108 108 1931.65 -714.249 -1275.85 
132.7 108 132 1023.88 1508.75 3583.29 
131.3 108 132 216.223 -674.757 -441.845 
132.7 108 156 668.593 -23.5456 2974.37 
131.3 108 156 -390.295 -1802.57 -632.423 
132.7 108 180 -542.906 405.226 1105.69 
131.3 108 180 -2564.9 978.205 3545.37 
132.7 108 204 971.328 1501.06 1760.45 
131.3 108 204 -2061.49 398.313 54.3591 
132.7 108 228 -1551.9 -3571.6 -4544.81 
131.3 108 228 2102.72 387.04 -628.281 
132.7 132 12 -2022.55 -1482.79 813.333 
131.3 132 12 -634.886 1192.33 -634.411 
132.7 132 36 2367.23 2755.76 2722.75 
131.3 132 36 2343.22 -2933.54 -2513.48 
132.7 132 60 797.785 2385.51 -2397.69 
131.3 132 60 -156.644 624.735 380.03 
132.7 132 84 -2057.25 292.644 -1373.76 
131.3 132 84 -1849.21 -1481.57 974.509 
132.7 132 108 1083.83 1070.04 45.2609 
131.3 132 108 -1873.65 -2737.16 -1527.56 
132.7 132 132 -1926.64 1269.15 -912.337 
131.3 132 132 -2369.2 -611.691 1995.5 
132.7 132 156 445.442 636.831 1394.3 
131.3 132 156 2404.54 -868.548 619.545 
132.7 132 180 2245.86 907.745 -1427.13 
131.3 132 180 1139.56 -2549.3 -809.588 
132.7 132 204 -642.506 -25.8611 -408.666 
131.3 132 204 1946.38 -1120.79 1245.48 
132.7 132 228 31.7922 1162.46 -2387.81 
131.3 132 228 -296.783 596.14 -567.073 
132.7 156 12 100.324 -61.0685 -3018.89 
131.3 156 12 -2301.73 1025.83 -213.703 
132.7 156 36 1165.29 -777.78 -591.325 
131.3 156 36 2419.15 -1716.96 -2575.21 
132.7 156 60 1501.86 -5109.25 -672.533 
131.3 156 60 1441.17 -471.47 2264.76 
132.7 156 84 177.789 1370.07 -16.5205 
131.3 156 84 964.976 -798.825 -2354.67 
132.7 156 108 -2094.87 175.082 741.88 
131.3 156 108 764.356 -310.323 718.026 
132.7 156 132 1772.09 782.502 -888.979 
131.3 156 132 445.598 1209 1518.36 
132.7 156 156 1321.97 -1783.54 -1970.88 
131.3 156 156 378.08 2876.9 846.839 
132.7 156 180 1006.66 -2365.79 10.7287 
131.3 156 180 167.459 -1968.8 -1711.86 
132.7 156 204 678.607 -265.426 508.679 
131.3 156 204 156.899 320.852 -900.904 
132.7 156 228 403.5 425.596 -720.537 
131.3 156 228 -2371.35 -541.343 -3408.31 
132.7 180 12 2022.35 1135.42 -510.376 
131.3 180 12 717.709 -1929.73 -325.891 
132.7 180 36 -2991.29 1170.57 1394.5 
131.3 180 36 1222.69 1771.25 -1123.92 
132.7 180 60 2067.33 301.865 -794.213 
131.3 180 60 1514.01 414.341 1593.85 
132.7 180 84 1294.53 2234.78 -564.621 
131.3 180 84 -1905.32 -769.712 2321.61 
132.7 180 108 892.828 203.901 -2311.97 
131.3 180 108 2849.37 434.666 -1180.81 
132.7 180 132 2592.85 1624.45 321.357 
131.3 180 132 1222.7 2911.48 1544.05 
132.7 180 156 -1001.32 1940.95 -727.541 
131.3 180 156 -25.4038 2521.31 -904.224 
132.7 180 180 665.209 1230.69 -1172.55 
131.3 180 180 265.376 466.034 -1127.68 
132.7 180 204 1922.69 1807.41 -188.737 
131.3 180 204 62.8762 2286.75 -1227.77 
132.7 180 228 651.451 -408.697 -500.842 
131.3 180 228 623.51 -1675.92 1321.34 
132.7 204 12 1986.33 -2178.08 -114.695 
131.3 204 12 1996.68 -152.009 803.495 
132.7 204 36 3128.35 1795.83 -273.623 
131.3 204 36 2611.81 -995.139 61.3731 
132.7 204 60 181.917 722.215 -801.333 
131.3 204 60 -326.127 82.5593 187.665 
132.7 204 84 -833.667 -72.9171 -410.74 
131.3 204 84 861.742 -408.898 -363.28 
132.7 204 108 -253.242 1127.39 765.831 
131.3 204 108 2470.6 -3129.18 -347.951 
132.7 204 132 2931.03 -431.914 262.894 
131.3 204 132 -1481.06 -1126.75 1237.39 
132.7 204 156 -1411.62 1755.34 -1416.87 
131.3 204 156 23.5683 1487.31 -2102.95 
132.7 204 180 994.547 -39.0933 1380.99 
131.3 204 180 666.882 317.199 1735.41 
132.7 204 204 75.493 146.624 1230.6 
131.3 204 204 847.811 1133.75 -1749.51 
132.7 204 228 -198.85 -2678.13 132.621 
131.3 204 228 1301.81 -1788.29 -889.096 
132.7 228 12 -41.3158 520.019 -1606.32 
131.3 228 12 579.25 184.484 1159.06 
132.7 228 36 339.338 -4502.8 -1071.38 
131.3 228 36 -380.376 -74.8225 888.265 
132.7 228 60 -1417.53 1340.33 -2075.07 
131.3 228 60 115.965 619.181 -850.583 
132.7 228 84 3633.13 1865.86 -928.342 
131.3 228 84 2497.2 -622.473 344.306 
132.7 228 108 -765.167 -1776.91 -1683.31 
131.3 228 108 -4227.12 1641.53 2219.86 
132.7 228 132 1288.15 1485.6 -1049.09 
131.3 228 132 -360.774 1342.24 1596.55 
132.7 228 156 -442.091 -2021.63 -40.4545 
131.3 228 156 -836.68 -413.134 -1135.63 
132.7 228 180 -1380.52 796.699 -292.818 
131.3 228 180 -493.066 336.74 -2133.97 
132.7 228 204 84.0857 1951.67 1077.17 
131.3 228 204 1627.97 177.164 415.218 
132.7 228 228 1803.93 -1665.64 -128.168 
131.3 228 228 1177.95 2264.65 888.325 
156.7 12 12 -4742.81 -950.342 -1821.37 
155.3 12 12 1352.23 -391.906 3131.51 
156.7 12 36 908.618 -886.998 1697.55 
155.3 12 36 392.584 -1681.35 -1247.94 
156.7 12 60 941.854 303.597 63.1361 
155.3 12 60 115.193 -781.027 3735.81 
156.7 12 84 487.521 -96.5393 2169.04 
155.3 12 84 2490.68 -407.931 1703.97 
156.7 12 108 -991.081 -520.93 2950.43 
155.3 12 108 1321.88 -457.614 2010.62 
156.7 12 132 3497.21 -1376.02 298.246 
155.3 12 132 -2754.94 2526.83 1179.09 
156.7 12 156 -460.33 202.982 354.541 
155.3 12 156 -2582.84 395.644 1898.91 
156.7 12 180 3610.02 1368.65 40.2781 
155.3 12 180 2778.1 832.603 2985.24 
156.7 12 204 -2342.08 1900.07 859.755 
155.3 12 204 1298.18 2632.64 88.7498 
156.7 12 228 -198.726 -644.493 1054.62 
155.3 12 228 698.938 20.5794 1359.18 
156.7 36 12 3601.29 -636.933 -1937.65 
155.3 36 12 260.539 314.437 -609.851 
156.7 36 36 -1802.92 -685.177 134.549 
155.3 36 36 -3375.29 1702.81 -269.996 
156.7 36 60 271.046 310.264 1383.72 
155.3 36 60 1432.51 -1170.5 1815.68 
156.7 36 84 740.404 424.656 2168.83 
155.3 36 84 2749.4 -2592.33 490.297 
156.7 36 108 508.084 -485.504 139.731 
155.3 36 108 -2700.96 -2433.61 380.843 
156.7 36 132 -1328.65 -275.765 -391.026 
155.3 36 132 -1500.96 493.157 259.462 
156.7 36 156 -3599.08 706.79 -26.9473 
155.3 36 156 2122.42 -402.254 -911.341 
156.7 36 180 -3384.84 -2046.25 986.099 
155.3 36 180 959.613 -4000.94 2401.45 
156.7 36 204 3760.21 -2366.87 -685.639 
155.3 36 204 -432.067 513.086 -151.937 
156.7 36 228 -1254.96 -1526.08 1537.99 
155.3 36 228 -2616.06 -1077.89 -1135.86 
156.7 60 12 1276.15 1231.76 -2310.64 
155.3 60 12 786.353 1574.85 -361.015 
156.7 60 36 -1914.35 2800.32 -675.155 
155.3 60 36 1742.55 -2729.44 -992.614 
156.7 60 60 -1343.98 1821.74 1045.14 
155.3 60 60 352.152 -344.47 56.856 
156.7 60 84 1823.94 -2898.74 245.679 
155.3 60 84 435.126 640.773 -242.109 
156.7 60 108 2036.37 -428.315 2494.92 
155.3 60 108 -81.8963 -4965.01 -1311.75 
156.7 60 132 1176.86 1704.96 2376.61 
155.3 60 132 1841.93 1669.47 1768.66 
156.7 60 156 278.339 862.848 -2011.29 
155.3 60 156 416.952 334.878 2535.54 
156.7 60 180 1175.75 1161.16 -1637.7 
155.3 60 180 1023.14 4860.53 1225.58 
156.7 60 204 2081.32 -1869.27 -849.417 
155.3 60 204 -664.841 485.344 686.947 
156.7 60 228 667.61 -2075.7 924.762 
155.3 60 228 1097.24 -1905 -773.14 
156.7 84 12 -1386.61 -691.212 -103.549 
155.3 84 12 264.38 439.549 947.257 
156.7 84 36 -822.927 1821.13 1017.21 
155.3 84 36 -192.506 -1332 257.874 
156.7 84 60 -1557.74 -326.382 -1675.69 
155.3 84 60 1617.68 4099.78 -1613.59 
156.7 84 84 -1318.75 1740.07 -3469.17 
155.3 84 84 -721.28 -1376.44 -1245.48 
156.7 84 108 -1676.94 1292.36 3178.31 
155.3 84 108 -534.13 1747.85 160.712 
156.7 84 132 1039.95 2229.53 172.334 
155.3 84 132 -659.807 -2462.48 2318.5 
156.7 84 156 1381.86 392.033 2231.98 
155.3 84 156 3683.97 2962.64 803.022 
156.7 84 180 1007.21 221.41 800.16 
155.3 84 180 549.022 -1507.56 -2523.01 
156.7 84 204 2112.97 -1171.04 2125.27 
155.3 84 204 -761.024 -1944.38 1038.14 
156.7 84 228 -754.295 2679.14 2144.91 
155.3 84 228 -849.238 -2040.62 1907.41 
156.7 108 12 -802.511 -1878.22 -348.207 
155.3 108 12 106.088 1320.25 1843.84 
156.7 108 36 -1267.39 4168.07 1731.78 
155.3 108 36 173.993 666.246 -421.544 
156.7 108 60 321.93 801.393 2892.2 
155.3 108 60 -368.265 257.931 881.894 
156.7 108 84 705.004 1815.4 2610.66 
155.3 108 84 -67.8065 -1973.94 1320.02 
156.7 108 108 -3442.34 -2221.32 236.888 
155.3 108 108 -2685.36 1335.71 -2683.49 
156.7 108 132 1617.82 1923.15 -4744.67 
155.3 108 132 -721.841 641.99 -558.788 
156.7 108 156 2050.79 216.524 -2825.62 
155.3 108 156 379.53 -466.78 387.906 
156.7 108 180 2914.64 320.121 -205.348 
155.3 108 180 758.773 1795.44 543.711 
156.7 108 204 1154.38 8.0275 -251.579 
155.3 108 204 1117.5 -642.14 2309.7 
156.7 108 228 3500.67 931.371 -1179.16 
155.3 108 228 -638.218 473.493 -1030.02 
156.7 132 12 1098.87 2559.86 -1388.16 
155.3 132 12 -1087.7 1586.38 -3244.69 
156.7 132 36 911.543 561.845 -1513.72 
155.3 132 36 -1946.61 -734.393 668.744 
156.7 132 60 -4208.32 315.561 -220.57 
155.3 132 60 -257.56 -599.699 116.527 
156.7 132 84 3315.97 -444.67 -797.979 
155.3 132 84 -535.545 4371.6 1710.03 
156.7 132 108 -2028.37 -1732.21 1479.33 
155.3 132 108 -9.53276 -1457.55 1212.72 
156.7 132 132 429.917 -1398.31 -112.041 
155.3 132 132 516.51 -2123.84 -784.665 
156.7 132 156 601.219 521.627 -3485.04 
155.3 132 156 -1052.09 4392.83 -110.964 
156.7 132 180 -88.6765 -3448.56 220.582 
155.3 132 180 -4949.07 2677.29 946.729 
156.7 132 204 998.166 944.802 950.077 
155.3 132 204 1405.8 312.153 -465.759 
156.7 132 228 -834.405 678.144 59.1228 
155.3 132 228 940.784 3400.15 1521.18 
156.7 156 12 -1226.43 -172.431 230.137 
155.3 156 12 -228.341 -913.716 -2247.56 
156.7 156 36 373.481 1215.36 528.698 
155.3 156 36 73.7293 -85.9701 3.11031 
156.7 156 60 476.763 -759.901 3946.99 
155.3 156 60 -1152.19 -1873.05 111.46 
156.7 156 84 2999.17 -1007.71 977.651 
155.3 156 84 340.592 -1264.56 1941.2 
156.7 156 108 -691.085 353.98 -2406.42 
155.3 156 108 971.294 605.938 -1404.28 
156.7 156 132 -2174.1 1748.85 1002.62 
155.3 156 132 -1063.81 639.287 2165.97 
156.7 156 156 -59.663 -247.195 -483.901 
155.3 156 156 -894.091 1730.75 -1335.43 
156.7 156 180 1423.89 542.354 1390.05 
155.3 156 180 1223.85 -42.993 285.157 
156.7 156 204 1560.07 -834.2 -753.465 
155.3 156 204 -805.944 892.046 321.154 
156.7 156 228 -3828.96 128.167 1822.24 
155.3 156 228 -2013.8 -313.031 1888.73 
156.7 180 12 2229.11 -2170.75 608.703 
155.3 180 12 3422.64 -3084.81 -905.394 
156.7 180 36 371.04 -2679.69 -1117.33 
155.3 180 36 -1317.63 2037.69 422.408 
156.7 180 60 598.907 1943.26 2668.25 
155.3 180 60 -2520.93 1048.34 787.047 
156.7 180 84 3.03818 -3286.91 -395.804 
155.3 180 84 -2477.16 -714.968 -409.116 
156.7 180 108 643.164 -1024.48 3879.19 
155.3 180 108 -74.6615 470.808 1262.68 
156.7 180 132 1434.18 -3178.06 2085.19 
155.3 180 132 -1985.6 1704.24 2804.93 
156.7 180 156 -1286.73 652.313 616.789 
155.3 180 156 637.941 785.836 1509.94 
156.7 180 180 1124.69 1055.05 -1386.48 
155.3 180 180 -1671.89 2068.02 -153.261 
156.7 180 204 -867.517 -2420.76 510.149 
155.3 180 204 -1530.83 84.9345 -1075.5 
156.7 180 228 262.069 -559.721 3716.33 
155.3 180 228 -1695.07 -1512.15 -1229.78 
156.7 204 12 1588.07 -3467.45 578.776 
155.3 204 12 -1164.53 -815.704 1555.5 
156.7 204 36 -1046.2 2693.31 273.807 
155.3 204 36 -3054.71 59.0815 1707.36 
156.7 204 60 -1021.22 -603.059 -1329.73 
155.3 204 60 1275.88 2482.59 2017.46 
156.7 204 84 -1305.34 -1176.01 -487.556 
155.3 204 84 -218.359 1375.95 2889.8 
156.7 204 108 -643.834 256.969 -1074.55 
155.3 204 108 -1351.51 -1592.36 2186.97 
156.7 204 132 907.774 -882.127 -1751.69 
155.3 204 132 -1036.27 -755.304 888.262 
156.7 204 156 2385.39 -1509.85 93.5492 
155.3 204 156 -2869.82 -167.694 -1419.79 
156.7 204 180 386.659 -880.325 1547.88 
155.3 204 180 2915.76 642.498 -918.905 
156.7 204 204 -859.91 -706.857 -26.1145 
155.3 204 204 134.835 -1663.25 -1452.66 
156.7 204 228 543.544 856.316 -1662.64 
155.3 204 228 1669.14 -1393.41 -819.619 
156.7 228 12 963.802 -504.53 -475.378 
155.3 228 12 -1010.79 -1601.61 3085.18 
156.7 228 36 -319.339 -1586.35 796.008 
155.3 228 36 1984.56 3021.49 3087.44 
156.7 228 60 2641.51 -1794.78 1437.33 
155.3 228 60 -1294.43 -103.462 431.973 
156.7 228 84 -1872.68 -180.591 -1763.07 
155.3 228 84 -283.137 -4428.52 572.227 
156.7 228 108 -828.418 629.844 -892.448 
155.3 228 108 234.118 820.988 -2225.81 
156.7 228 132 468.703 1334.5 -220.176 
155.3 228 132 1688.67 -3269.4 1284.65 
156.7 228 156 -3319.76 101.874 3859.09 
155.3 228 156 -2046.4 3876.57 -1920.2 
156.7 228 180 1026.67 -1420.35 459.307 
155.3 228 180 1011.3 -1721.3 -3614.55 
156.7 228 204 436.326 2697.93 12.3233 
155.3 228 204 1013.93 449.886 -873.213 
156.7 228 228 -5.1766 -13.1885 118.116 
155.3 228 228 1599.27 72.2706 -805.617 
180.7 12 12 -926.25 1473.87 -1159.04 
179.3 12 12 -684.721 -1003.34 -1251.55 
180.7 12 36 2329.76 -1098.92 355.551 
179.3 12 36 574.21 1682.75 -999.805 
180.7 12 60 -266.941 -2708.83 -40.6033 
179.3 12 60 1057.42 177.068 -737.606 
180.7 12 84 1219.66 -3713.5 -2173.74 
179.3 12 84 -1603.56 -1666.96 -272.396 
180.7 12 108 -494.717 -1173.35 -2894.24 
179.3 12 108 1363.06 -937.545 -1094.41 
180.7 12 132 -750.844 387.312 1335.12 
179.3 12 132 1326.01 -799.063 -2300.3 
180.7 12 156 997.789 382.042 1139.9 
179.3 12 156 -677.43 -883.778 -1282.15 
180.7 12 180 1573.89 468.915 2353.81 
179.3 12 180 -2424.19 322.212 -406.716 
180.7 12 204 -1651.69 200.794 3718.09 
179.3 12 204 -952.81 1528.22 -956.353 
180.7 12 228 1376.01 565.854 -1776.91 
179.3 12 228 -2673.33 -91.2022 624.861 
180.7 36 12 507.225 1023.69 483.516 
179.3 36 12 1380.51 -580.081 -1242.44 
180.7 36 36 -1970.72 -684.263 -368.001 
179.3 36 36 791.654 1233.01 -1907.27 
180.7 36 60 1544.94 -560.29 -402.969 
179.3 36 60 -2296.47 155.316 1859.95 
180.7 36 84 -1163.16 3401.6 784.164 
179.3 36 84 -928.402 2568.49 -1828.64 
180.7 36 108 -1551.88 -361.272 -768.342 
179.3 36 108 250.046 1617.78 -861.111 
180.7 36 132 -2708.43 -3091.47 -558.986 
179.3 36 132 1649.56 1603.32 976.04 
180.7 36 156 1178.42 -3014.48 1175.36 
179.3 36 156 -507.378 1238.82 -2614.19 
180.7 36 180 -1369.55 1848.35 -4380.4 
179.3 36 180 1113.9 1222.32 -874.97 
180.7 36 204 -269.311 1677.39 -2915.01 
179.3 36 204 -3010.65 1252.25 -220.541 
180.7 36 228 -805.802 -2780.62 1988.18 
179.3 36 228 1183.71 333.88 2610.3 
180.7 60 12 -544.92 -2890.81 -2094.2 
179.3 60 12 -476.02 -563.22 -430.348 
180.7 60 36 295.318 -475.051 -1046.51 
179.3 60 36 -978.097 159.707 -2101.59 
180.7 60 60 1882.63 -219.726 -1422.74 
179.3 60 60 -1437.58 1126.33 -100.709 
180.7 60 84 -1824.54 570.072 2879.84 
179.3 60 84 -4313.87 -1632.85 2184.54 
180.7 60 108 -2896.76 -2207.89 -700.748 
179.3 60 108 -1547.85 -139.03 5283.42 
180.7 60 132 1162.42 3196.58 841.342 
179.3 60 132 2006.85 281.24 1336.87 
180.7 60 156 -1523.21 24.0029 -1782.64 
179.3 60 156 -97.989 -210.916 1533.77 
180.7 60 180 -3759.32 -405.926 -1511.24 
179.3 60 180 -745.342 2235.55 912.928 
180.7 60 204 -684.734 580.771 799.271 
179.3 60 204 -3791 -870.935 -1958.66 
180.7 60 228 -772.822 -3029.9 450.438 
179.3 60 228 -626.992 -624.677 -2454.89 
180.7 84 12 -714.564 1754.69 767.242 
179.3 84 12 72.7362 659.231 2092.85 
180.7 84 36 -1537.52 37.2485 516.889 
179.3 84 36 2448.19 1454.57 -1924.19 
180.7 84 60 1234.4 -190.138 -266.445 
179.3 84 60 -1159.37 -1463.11 936.13 
180.7 84 84 1256.96 2055.94 1847.34 
179.3 84 84 2347.12 89.3793 2398.5 
180.7 84 108 1677.05 -1290.75 -260.653 
179.3 84 108 -3395.61 -578.53 746.611 
180.7 84 132 2045.68 -990.269 447.972 
179.3 84 132 -715.952 -625.079 2457.35 
180.7 84 156 -2825.91 2109.58 -368.684 
179.3 84 156 842.229 -372.73 -887.184 
180.7 84 180 1765.57 5021.39 812.769 
179.3 84 180 -2382.1 895.716 973.074 
180.7 84 204 2474.65 -836.932 297.269 
179.3 84 204 2667.88 -1236.82 -629.321 
180.7 84 228 2099.91 -952.891 -453.059 
179.3 84 228 1090.35 -427.194 2710.66 
180.7 108 12 1523.1 1470.74 -3253.15 
179.3 108 12 -5.67891 -1559.45 1465.37 
180.7 108 36 -656.325 -1219.74 -1504.77 
179.3 108 36 961.468 2471.66 4229.19 
180.7 108 60 -1726.11 -846.038 -1889.06 
179.3 108 60 -1600.76 604.174 28.3259 
180.7 108 84 162.092 212.154 1035.89 
179.3 108 84 2189.18 -211.092 203.043 
180.7 108 108 -1041.38 1475.87 -1494.54 
179.3 108 108 -663.958 -1187.1 -3707.74 
180.7 108 132 872.886 1166.1 1767.73 
179.3 108 132 -184.318 -1574.37 -1448.81 
180.7 108 156 539.794 4734.84 -856.741 
179.3 108 156 -337.363 2168.01 -1157.02 
180.7 108 180 997.842 381.054 -1160.83 
179.3 108 180 -1070.6 -1972.86 1469.58 
180.7 108 204 1417.66 -1539.81 -830.715 
179.3 108 204 -2566.42 2581.78 -206.492 
180.7 108 228 48.9537 -1136.88 298.795 
179.3 108 228 2719.43 -1114.98 -659.352 
180.7 132 12 -1982.93 422.77 876.775 
179.3 132 12 -78.6495 -1185.34 -36.0432 
180.7 132 36 -1590.82 218.037 -903.849 
179.3 132 36 1834.75 2218.68 -1715.39 
180.7 132 60 74.1351 -1550.68 1236.47 
179.3 132 60 -2258.72 -2081.77 1023.88 
180.7 132 84 1389.68 1359.17 4026.06 
179.3 132 84 -296.747 704.594 -555.423 
180.7 132 108 -506.19 292.549 277.169 
179.3 132 108 840.011 -2609.13 -4318.98 
180.7 132 132 -2385.46 2169.96 3238.46 
179.3 132 132 -2241.99 -180.248 1280.3 
180.7 132 156 545.13 37.9664 764.057 
179.3 132 156 -1417.01 -964.975 563.694 
180.7 132 180 -2110.3 -2240.11 770.458 
179.3 132 180 -2393.78 1831.26 -935.735 
180.7 132 204 1414.6 -534.09 2255.2 
179.3 132 204 1159.09 -1144.55 -1002.05 
180.7 132 228 999.557 2143.5 -902.553 
179.3 132 228 -53.4274 1514.65 984.243 
180.7 156 12 -242.831 64.7971 -6.46759 
179.3 156 12 259.14 1710.67 -1574.48 
180.7 156 36 492.649 -1276.76 -565.549 
179.3 156 36 25.8203 2208.22 1855.41 
180.7 156 60 -3693.41 1393.6 -932.818 
179.3 156 60 12.3332 -474.429 871.555 
180.7 156 84 1538.41 -1109.43 491.186 
179.3 156 84 -2322.47 -1737.41 -3193.71 
180.7 156 108 730.766 1571.27 354.369 
179.3 156 108 192.262 215.368 3214.79 
180.7 156 132 1307.58 4.63089 -628.117 
179.3 156 132 577.446 196.903 371.313 
180.7 156 156 -1583.91 -1747.17 2345.81 
179.3 156 156 1654.45 -1628.58 -3053.28 
180.7 156 180 980.499 -2298.37 2584.65 
179.3 156 180 -1215.43 -2532.57 -3.79867 
180.7 156 204 180.594 948.855 2142.54 
179.3 156 204 2612.95 -1371.56 3148.19 
180.7 156 228 2005.53 -1169.6 -451.244 
179.3 156 228 1223.91 1171.53 -338.723 
180.7 180 12 -1289.57 684.52 1322.88 
179.3 180 12 355.278 -2242.41 -1213.02 
180.7 180 36 -517.678 1414.24 1031.95 
179.3 180 36 211.798 709.987 -446.458 
180.7 180 60 2511.71 -658.168 -1364.85 
179.3 180 60 -2556.24 899.007 -1153.03 
180.7 180 84 846.738 1165.68 1143.09 
179.3 180 84 -1308.76 408.843 3232.46 
180.7 180 108 -1391.01 201.301 -2267.27 
179.3 180 108 -1070.45 -2924.09 -702.834 
180.7 180 132 -238.486 588.136 -539.179 
179.3 180 132 2117.02 -696.408 1176.77 
180.7 180 156 1843.59 452.491 -188.733 
179.3 180 156 -50.6225 1082.29 -1029.67 
180.7 180 180 1750.53 -1259.12 2154.51 
179.3 180 180 2195.37 -296.52 685.235 
180.7 180 204 -1300.34 -642.345 -701.946 
179.3 180 204 3659.45 -429.866 -1583.64 
180.7 180 228 1491.72 -268.375 -1144.89 
179.3 180 228 -1452.68 -245.712 2305.22 
180.7 204 12 -149.585 58.8668 -2046.42 
179.3 204 12 243.625 336.361 527.524 
180.7 204 36 -54.0734 -132.328 436.957 
179.3 204 36 131.131 -515.278 2518.34 
180.7 204 60 -382.685 65.8509 -2244.34 
179.3 204 60 241.226 1104.24 331.945 
180.7 204 84 919.036 -20.7196 1416.54 
179.3 204 84 -1345 1278.02 175.851 
180.7 204 108 -330.69 -2568.14 -1869.76 
179.3 204 108 -1291.42 167.664 1756.17 
180.7 204 132 -811.844 -1407.96 -1069.92 
179.3 204 132 -1282.07 1021.52 1366 
180.7 204 156 1885.44 642.221 367.939 
179.3 204 156 -2805 -2314.49 -2559.05 
180.7 204 180 828.667 150.709 -1289.18 
179.3 204 180 -3320.96 750.771 -827.552 
180.7 204 204 2451.13 1225.69 -1292.54 
179.3 204 204 -203.548 -3015.34 -1295.68 
180.7 204 228 -710.163 -1130.4 -1766.5 
179.3 204 228 -999.519 -1563.69 922.883 
180.7 228 12 -636.505 -157.633 -1241.79 
179.3 228 12 -2049.39 -266.447 -140.615 
180.7 228 36 444.832 3620.45 -373.683 
179.3 228 36 -359.661 1063.99 347.921 
180.7 228 60 -416.2 561.934 2407.35 
179.3 228 60 3148.07 82.921 2510.57 
180.7 228 84 1118.82 648.1 933.56 
179.3 228 84 2479.26 1049.45 629.518 
180.7 228 108 -725.658 -2816.72 1929.32 
179.3 228 108 -1539.23 -1443.53 831.631 
180.7 228 132 2625.12 -2921.83 92.2365 
179.3 228 132 -1153.5 -587.005 -2522.79 
180.7 228 156 3057.89 596.49 1824.3 
179.3 228 156 -669.763 2431.93 3194.72 
180.7 228 180 322.378 2017.54 1162.41 
179.3 228 180 2463.5 1275.78 900.388 
180.7 228 204 -61.4094 -2695.84 392.589 
179.3 228 204 -351.114 -3408.52 1034.02 
180.7 228 228 -642.043 977.159 -1122.9 
179.3 228 228 17.8655 279.417 -72.803 
204.7 12 12 -1213.68 1492.42 -608.631 
203.3 12 12 2310.39 -587.064 -1770.7 
204.7 12 36 -373.148 323.396 -181.019 
203.3 12 36 262.7 483.842 -249.082 
204.7 12 60 1677.29 -1678.31 2884.93 
203.3 12 60 -1528.23 -726.451 -1229.58 
204.7 12 84 94.591 2778.7 182.951 
203.3 12 84 -2166.8 -517.01 -249.96 
204.7 12 108 -1911.63 -2024.64 -2199.39 
203.3 12 108 1962.37 -326.606 601.038 
204.7 12 132 -48.4424 794.837 -2009.69 
203.3 12 132 -442.324 251 -277.986 
204.7 12 156 -3521.99 1161.86 1504.5 
203.3 12 156 -350.577 2772.48 251.291 
204.7 12 180 -1858.18 -2220.77 171.143 
203.3 12 180 982.316 2780.18 -1682.91 
204.7 12 204 -1261.31 -72.5273 1181.55 
203.3 12 204 1381.57 -917.248 -1304.57 
204.7 12 228 -126.569 -2067.56 -675.544 
203.3 12 228 1377.41 -1016.16 1046.44 
204.7 36 12 2884.57 -2965.72 -1922.12 
203.3 36 12 -733.953 1816.94 -1978.67 
204.7 36 36 897.664 -953.524 -121.914 
203.3 36 36 -950.73 -488.202 1124.13 
204.7 36 60 -1831.45 -331.136 -596 
203.3 36 60 2454.18 756.592 -505.576 
204.7 36 84 834.294 -1380.05 1192.8 
203.3 36 84 -394.347 -42.3506 -1038.29 
204.7 36 108 -515.765 800.636 -1299.56 
203.3 36 108 -739.486 968.372 -1473.51 
204.7 36 132 -1266.02 -2487 1005.26 
203.3 36 132 -200.962 714.72 -815.2 
204.7 36 156 -321.218 -2519.78 865.905 
203.3 36 156 677.824 363.593 254.473 
204.7 36 180 1077.36 -2059.49 671.472 
203.3 36 180 124.139 -2297.25 904.058 
204.7 36 204 1894.67 -708.109 475.17 
203.3 36 204 -1545.83 -3703.43 666.284 
204.7 36 228 -1503.49 -751.077 -2514.33 
203.3 36 228 584.655 565.99 4603.42 
204.7 60 12 -209.493 -1388.57 -139.309 
203.3 60 12 -701.46 399.608 -1028.69 
204.7 60 36 -2424.61 137.483 -682.312 
203.3 60 36 1917.6 649.586 1516.8 
204.7 60 60 1306.02 656.507 1061.44 
203.3 60 60 -1499.07 795.557 -503.185 
204.7 60 84 1235.22 646.727 670.528 
203.3 60 84 2682.27 -1309.28 -748.826 
204.7 60 108 572.822 -2099.91 197.91 
203.3 60 108 1841.71 -2221.23 -2009.6 
204.7 60 132 302.933 1084.33 -281.72 
203.3 60 132 -219.686 94.2718 -732.126 
204.7 60 156 -144.066 -2040.08 2570.28 
203.3 60 156 681.696 -3138.92 862.181 
204.7 60 180 373.46 -853.576 -2587.05 
203.3 60 180 -2235.89 -1471.49 1704.03 
204.7 60 204 1564.58 374.724 -268.595 
203.3 60 204 715.273 709.501 -329.176 
204.7 60 228 -3132.36 1370.24 -338.686 
203.3 60 228 2049.03 -2661.68 2991.67 
204.7 84 12 41.3481 -1147.18 1136.96 
203.3 84 12 1575.48 -2157.84 -3633.35 
204.7 84 36 -2245.61 8.01161 404.216 
203.3 84 36 -1406.56 -844.546 -643.41 
204.7 84 60 -1457.8 -212.309 -741.947 
203.3 84 60 1260.71 -509.389 -1491.88 
204.7 84 84 -1383.14 249.939 -681.771 
203.3 84 84 -212.693 1577.71 -1279.49 
204.7 84 108 -249.319 2159.8 1691.52 
203.3 84 108 835.767 -1065.36 -2324.02 
204.7 84 132 -367.854 1278.41 363.298 
203.3 84 132 -1482.24 109.366 304.186 
204.7 84 156 -2735.85 277.169 1748.55 
203.3 84 156 -2115.73 1475.61 -254.084 
204.7 84 180 2094 -5143.02 -2730.4 
203.3 84 180 -3737.6 -805.105 1293.41 
204.7 84 204 -470.765 -2059.06 -394.114 
203.3 84 204 2063.03 -409.919 502.542 
204.7 84 228 1099.64 -94.6142 655.219 
203.3 84 228 -811.014 -827.692 -1531.94 
204.7 108 12 -1044.59 821.144 -776.093 
203.3 108 12 -1572.97 3469.14 929.154 
204.7 108 36 -311.805 -2751.49 3612.23 
203.3 108 36 2333.81 -2127.1 -564.731 
204.7 108 60 266.732 412.939 -1376.51 
203.3 108 60 1085.15 180.957 2223.79 
204.7 108 84 -263.877 -493.584 1097.32 
203.3 108 84 -474.947 404.019 574.592 
204.7 108 108 -3926.91 843.523 -3012.61 
203.3 108 108 -895.811 -1620.48 -145.067 
204.7 108 132 -936.761 2795.64 -2598.34 
203.3 108 132 288.56 -922.054 459.415 
204.7 108 156 2764.98 -1713.25 -447.054 
203.3 108 156 451.65 1157.23 -830.052 
204.7 108 180 994.375 2062.24 -1836.66 
203.3 108 180 -2397.57 66.2674 -860.896 
204.7 108 204 2466.92 82.2305 -1047.89 
203.3 108 204 -1385.07 -1530.87 -303.683 
204.7 108 228 2269.84 -3587.77 -439.689 
203.3 108 228 -2716.49 37.6541 -1348.74 
204.7 132 12 -2862.56 -605.054 176.805 
203.3 132 12 -1648.42 3096.38 -2457.58 
204.7 132 36 -1603.43 2247.19 1946.15 
203.3 132 36 203.762 -1756.84 1495.6 
204.7 132 60 1596.74 68.7001 -1249.7 
203.3 132 60 319.449 2251.63 -1634.58 
204.7 132 84 307.75 47.516 592.689 
203.3 132 84 -470.662 -996.74 1620.06 
204.7 132 108 -109.998 144.392 2038.48 
203.3 132 108 716.706 -1281.03 -157.363 
204.7 132 132 335.842 23.7251 1205.03 
203.3 132 132 -507.262 781.387 367.069 
204.7 132 156 -1177.4 -3452.56 475.487 
203.3 132 156 -274.34 227.026 944.793 
204.7 132 180 -1417.06 -3057.02 -2174.11 
203.3 132 180 -1963.12 1035.6 260.859 
204.7 132 204 -2258.54 -4618.08 283.143 
203.3 132 204 -1433.8 -1245.26 94.8298 
204.7 132 228 2254.94 1414.84 431.099 
203.3 132 228 1459.58 52.4098 976.601 
204.7 156 12 969.611 68.4745 -454.127 
203.3 156 12 -297.892 -458.899 323.394 
204.7 156 36 484.544 -2302.12 654.572 
203.3 156 36 -1488.5 820.206 125.334 
204.7 156 60 2409.36 -685.591 911.671 
203.3 156 60 322.312 1692.79 -3214.79 
204.7 156 84 -551.482 -977.371 -787.56 
203.3 156 84 -2474.95 -3448.12 1849.53 
204.7 156 108 326.083 -767.9 -696.314 
203.3 156 108 -592.128 898.963 -3520.99 
204.7 156 132 -1628.08 2722.03 462.007 
203.3 156 132 -688.971 340.332 -8.42774 
204.7 156 156 -64.6773 2256.55 3507.19 
203.3 156 156 -812.201 -173.313 -188.024 
204.7 156 180 -1358.26 -800.019 512.538 
203.3 156 180 -1179.59 -1156.02 571.119 
204.7 156 204 -2708.01 594.04 512.212 
203.3 156 204 -2404.52 -595.465 -558.802 
204.7 156 228 -1514.32 -1519.27 875.401 
203.3 156 228 -412.297 3074.32 -2112.97 
204.7 180 12 1929.88 2186.05 891.936 
203.3 180 12 1104.18 1942.22 -685.604 
204.7 180 36 -1079.58 -2057.46 -856.156 
203.3 180 36 -866.213 261.514 1821.06 
204.7 180 60 -840.629 -624.052 -2396.1 
203.3 180 60 -182.505 -455.41 765.968 
204.7 180 84 1155.87 878.125 1827.58 
203.3 180 84 -423.595 216.093 -265.345 
204.7 180 108 -1622.94 -1196.47 878.711 
203.3 180 108 689.259 1996.71 439.127 
204.7 180 132 -1222.03 700.961 408.347 
203.3 180 132 -1753.73 -794.582 -1362.5 
204.7 180 156 -1132.15 70.7198 -1275.76 
203.3 180 156 -1053.88 263.254 -1147.43 
204.7 180 180 -520.699 -750.645 1848.39 
203.3 180 180 2654.44 2186.21 810.884 
204.7 180 204 -1302.55 -2031.55 -826.608 
203.3 180 204 2442.47 -1263.25 600.941 
204.7 180 228 -8.93821 219.857 -1461.42 
203.3 180 228 225.29 -2792.14 627.153 
204.7 204 12 -252.872 1188.55 -81.51 
203.3 204 12 -255.831 -51.7601 -3326.42 
204.7 204 36 830.002 1750.68 1812.23 
203.3 204 36 -3067.26 -179.369 1631.12 
204.7 204 60 -465.298 -2089.55 226.208 
203.3 204 60 -1265.13 1785.17 1452.12 
204.7 204 84 -3189 742.9 3957.59 
203.3 204 84 1780.86 -2561.21 -1116.37 
204.7 204 108 -583.911 -728.39 -2082.29 
203.3 204 108 803.232 237.061 1897.32 
204.7 204 132 2038.8 -493.336 1792.64 
203.3 204 132 594.046 584.286 351.32 
204.7 204 156 -1491.59 1654.3 -121.37 
203.3 204 156 811.817 2240.05 -469.116 
204.7 204 180 1105.44 1217.21 -1298.32 
203.3 204 180 -1782.51 1063.75 1488.94 
204.7 204 204 3184.96 518.072 1383.7 
203.3 204 204 2512.03 -2605.75 2291.82 
204.7 204 228 -1069.44 223.98 -1002.83 
203.3 204 228 1597.01 -1086.14 174.515 
204.7 228 12 -2166.93 739.675 2596.28 
203.3 228 12 -1745.35 -953.781 -787.76 
204.7 228 36 -861.608 2993.95 2018.76 
203.3 228 36 873.159 2167.8 3787.26 
204.7 228 60 -2604.16 -1931.51 1328.87 
203.3 228 60 56.8583 -608.409 -2255.67 
204.7 228 84 805.066 3222.74 -2588.84 
203.3 228 84 334.25 -1365.44 -220.439 
204.7 228 108 3309.78 699.791 1831.52 
203.3 228 108 2881.23 -1363.95 1856.97 
204.7 228 132 2176.22 895.583 1992.48 
203.3 228 132 2166.4 -1365.36 624.06 
204.7 228 156 -1145.18 -908.191 417.486 
203.3 228 156 2215.38 1845.95 -2339.27 
204.7 228 180 -1778.28 -653.965 -902.984 
203.3 228 180 392.739 -574.31 -1579.52 
204.7 228 204 -1220.1 -285.462 1107.71 
203.3 228 204 -615.743 -2719.09 -755.986 
204.7 228 228 1387.31 -65.9619 1785.83 
203.3 228 228 1216.74 -2789.13 175.547 
228.7 12 12 -219.896 488.104 -242.606 
227.3 12 12 1329.91 1145.96 968.977 
228.7 12 36 163.395 -196.245 938.149 
227.3 12 36 -583.187 1580.12 2879.56 
228.7 12 60 1751.06 -567.291 -1297.45 
227.3 12 60 -124.802 -633.164 557.825 
228.7 12 84 -1040.6 -1691.27 -1157.21 
227.3 12 84 2154.77 2109.27 -1369.77 
228.7 12 108 -341.181 1530.42 634.034 
227.3 12 108 843.048 -1335.63 3008.32 
228.7 12 132 -1445.91 -1551.53 -1052.77 
227.3 12 132 417.725 1457.31 709.353 
228.7 12 156 613.309 -2006.52 -610.448 
227.3 12 156 1942.34 -3514.22 427.506 
228.7 12 180 -1346.68 2113.48 591.621 
227.3 12 180 231.727 170.127 1259.92 
228.7 12 204 -1031.68 -1393.75 473.627 
227.3 12 204 3430.56 3031.25 -503.154 
228.7 12 228 524.332 142.176 -1225.65 
227.3 12 228 -409.041 790.73 735.778 
228.7 36 12 -486.765 2864.22 713.333 
227.3 36 12 1600.66 1520.88 1040.66 
228.7 36 36 1777.73 251.029 1333.49 
227.3 36 36 -751.633 -749.905 1632.1 
228.7 36 60 -1404.06 1547.34 987.018 
227.3 36 60 260.706 2068.42 -1556.98 
228.7 36 84 -1992.79 -1444.32 -326.111 
227.3 36 84 371.49 156.907 -59.891 
228.7 36 108 -499.802 3284.6 2783.74 
227.3 36 108 1117.01 -1841.06 458.636 
228.7 36 132 1196.89 -11.649 328.285 
227.3 36 132 -1474.04 2060.19 3024.05 
228.7 36 156 2685.4 200.75 1843.5 
227.3 36 156 -1279.08 -3151.94 2216.09 
228.7 36 180 -1591.85 783.889 1481.53 
227.3 36 180 822.143 564.536 -1690.67 
228.7 36 204 382.117 954.608 2559.95 
227.3 36 204 2801.23 -1953.32 -465.374 
228.7 36 228 -135.96 -1202.95 636.932 
227.3 36 228 -624.206 511.536 -424.102 
228.7 60 12 88.9322 -143.486 -249.913 
227.3 60 12 120.085 1073.86 859.608 
228.7 60 36 3297.12 -1460.22 2312.42 
227.3 60 36 -2302.98 18.1454 -1826.15 
228.7 60 60 1977.61 2512.85 774.907 
227.3 60 60 -1138.4 -1927.24 2698.32 
228.7 60 84 -2924.24 1440.64 -573.735 
227.3 60 84 1669.84 359.598 953.523 
228.7 60 108 67.3018 1925.31 -1517.77 
227.3 60 108 2473.81 9.64568 -40.7535 
228.7 60 132 1648.45 -137.501 3175.42 
227.3 60 132 -723.723 390.423 1705.34 
228.7 60 156 -1302.87 523.62 781.514 
227.3 60 156 -1017.47 -818.09 -1524.56 
228.7 60 180 694.242 631.719 1475.21 
227.3 60 180 -1210.16 -1397.9 -2186.42 
228.7 60 204 2184.62 2429.66 -1371.26 
227.3 60 204 -1300.06 1569.79 1262.75 
228.7 60 228 410.651 -1429.13 -377.507 
227.3 60 228 -691.446 -431.061 -1392.41 
228.7 84 12 379.745 2502.24 -1855.99 
227.3 84 12 1514.6 441.055 404.484 
228.7 84 36 -1120.6 1566.26 -2205.99 
227.3 84 36 -13.0491 -1010.97 -2093.95 
228.7 84 60 347.401 1040.38 2578.4 
227.3 84 60 -4500.79 -1035.04 -1767.54 
228.7 84 84 1113.83 175.86 -1616.14 
227.3 84 84 1413.07 -3128.12 -811.062 
228.7 84 108 324.953 939.625 -780.093 
227.3 84 108 1941.59 -470.947 -393.331 
228.7 84 132 2336.15 -3238.37 -704.005 
227.3 84 132 -602.846 44.9594 -917.323 
228.7 84 156 394.801 1391.58 97.4288 
227.3 84 156 1600.49 884.081 -757.862 
228.7 84 180 -2642.06 1921.21 -1360.19 
227.3 84 180 565.718 -216.175 3046.84 
228.7 84 204 1151.73 -219.927 -1200.21 
227.3 84 204 820.908 -262.988 -1423.57 
228.7 84 228 549.213 -1058.5 2491.86 
227.3 84 228 830.68 -643.623 689.149 
228.7 108 12 -550.796 694.481 2687.81 
227.3 108 12 -439.003 1481.18 -3047.5 
228.7 108 36 1635.54 901.104 2005.17 
227.3 108 36 -1104.78 -3385.86 -1969.7 
228.7 108 60 -218.87 1593.99 532.604 
227.3 108 60 300.87 325.086 588.75 
228.7 108 84 2324.77 -869.561 2349.64 
227.3 108 84 -158.613 1463.26 2724.96 
228.7 108 108 -1460.32 349.489 -217.005 
227.3 108 108 1447.64 1375.17 3117.26 
228.7 108 132 659.893 709.394 -1116.24 
227.3 108 132 882.723 -597.436 506.973 
228.7 108 156 539.566 2451.36 -122.701 
227.3 108 156 -1119.31 -619.073 -2797.88 
228.7 108 180 801.803 -17.203 -1399.1 
227.3 108 180 -2908.21 1639.17 -672.862 
228.7 108 204 1210.87 -728.437 2114.9 
227.3 108 204 -1598.55 -1579.99 -533.5 
228.7 108 228 1608.14 -2067.25 2328.71 
227.3 108 228 1587.43 860.122 82.9618 
228.7 132 12 989.865 -999.054 -260.782 
227.3 132 12 -212.712 -691.573 490.082 
228.7 132 36 2452.6 -826.229 954.598 
227.3 132 36 59.8306 1245.98 160.602 
228.7 132 60 1479.4 -513.659 2908.48 
227.3 132 60 -1093.26 1502.18 -2393.13 
228.7 132 84 -3213.29 -3873.64 -2631.38 
227.3 132 84 1540.72 -895.124 1048.47 
228.7 132 108 -1147.98 -1796.66 90.246 
227.3 132 108 -343.024 -3542.18 950.325 
228.7 132 132 3163.25 -124.315 -133.734 
227.3 132 132 568.757 -523.291 737.425 
228.7 132 156 -626.126 -1999.12 612.144 
227.3 132 156 193.306 -588.434 1738.22 
228.7 132 180 537.203 -1867.77 2689.17 
227.3 132 180 -357.921 1921.01 1616.03 
228.7 132 204 -803.435 77.1793 -42.9419 
227.3 132 204 -147.364 1064.58 -1552.31 
228.7 132 228 -1822.24 -1944.6 1792.3 
227.3 132 228 -995.738 -865.698 1075.36 
228.7 156 12 1383.03 -1399.99 -1524.3 
227.3 156 12 925.941 700.158 -974.587 
228.7 156 36 -1312.42 723.014 -403.818 
227.3 156 36 1083.11 -956.048 1824.41 
228.7 156 60 -1397.87 850.519 -1845.54 
227.3 156 60 2145.18 569.583 -1415.09 
228.7 156 84 -1565.6 -328.964 -44.7421 
227.3 156 84 -1348.89 -1480.83 -1110.82 
228.7 156 108 2757.97 -3510.9 -2278.7 
227.3 156 108 397.775 423.97 1377.19 
228.7 156 132 -465.362 -1243.25 -903.196 
227.3 156 132 2342.12 669.206 1068.29 
228.7 156 156 -90.9029 -1248.95 1867.9 
227.3 156 156 1145.8 329.898 995.54 
228.7 156 180 -1272.2 -570.104 -584.533 
227.3 156 180 -289.791 1523.99 -247.383 
228.7 156 204 2990.7 -776.277 -2233.75 
227.3 156 204 376.393 940.063 832.181 
228.7 156 228 2074.76 35.0996 483.319 
227.3 156 228 921.939 576.209 -231.349 
228.7 180 12 -681.73 -2808.8 -1986.44 
227.3 180 12 -2216.65 1343.68 774.946 
228.7 180 36 1035.43 3459.83 -1087.18 
227.3 180 36 -200.339 -1018.5 -1521.53 
228.7 180 60 278.949 311.29 -900.663 
227.3 180 60 -722.849 -451.072 2276.66 
228.7 180 84 -1990.72 -2574.11 420.86 
227.3 180 84 -561.051 1844.87 -1707.32 
228.7 180 108 -1704.03 141.676 -496.539 
227.3 180 108 952.494 -366.354 1127.74 
228.7 180 132 -2482.5 1302.23 91.3602 
227.3 180 132 3062.81 -2590.6 -215.25 
228.7 180 156 -904.049 -309.3 1106.71 
227.3 180 156 -248.824 523.367 -1641.83 
228.7 180 180 -426.806 -3148.6 -468.461 
227.3 180 180 -801.232 2114.26 -2324.87 
228.7 180 204 1842.91 -18.881 2958.75 
227.3 180 204 -3022.56 1181.37 1237.23 
228.7 180 228 1891.2 675.064 1882.56 
227.3 180 228 1004.98 1741.05 -1373.35 
228.7 204 12 -1532.17 288.356 2315.84 
227.3 204 12 1137.51 -383.407 -1267.59 
228.7 204 36 -107.429 4179.31 1709.54 
227.3 204 36 -788.655 -231.132 138.097 
228.7 204 60 287.418 1432.5 -5274.72 
227.3 204 60 -685.575 1248.5 -1439.31 
228.7 204 84 -245.455 429.135 541.965 
227.3 204 84 769.35 494.144 -93.9132 
228.7 204 108 -713.372 -176.234 -3112.89 
227.3 204 108 -540.621 225.108 2039.88 
228.7 204 132 2639.32 -1031.52 302.502 
227.3 204 132 -914.443 2433.65 4021.53 
228.7 204 156 1674.36 2706.85 -1534.26 
227.3 204 156 1454.1 981.732 -1084.77 
228.7 204 180 -1963.24 806.372 -1519.06 
227.3 204 180 2821.1 -814.919 526.055 
228.7 204 204 1507.78 737.976 604.614 
227.3 204 204 776.81 2471.48 899.944 
228.7 204 228 377.311 -1106.72 -973.304 
227.3 204 228 -2225.53 299.511 -1121.88 
228.7 228 12 -4544.98 -2584.34 1175.76 
227.3 228 12 799.063 -988.915 2044.78 
228.7 228 36 249.858 -199.889 1953.47 
227.3 228 36 15.6825 -83.1013 -36.3476 
228.7 228 60 1792.69 -2904.22 1050.51 
227.3 228 60 48.9723 -670.851 -1207.06 
228.7 228 84 431.221 506.809 758.903 
227.3 228 84 225.005 -616.107 2749.37 
228.7 228 108 -1020.93 -1165.92 1260.79 
227.3 228 108 -1957.24 339.752 -206.259 
228.7 228 132 -14.4734 2828.83 363.39 
227.3 228 132 899.747 -744.323 1071.35 
228.7 228 156 117.174 3678.49 934.934 
227.3 228 156 -1887.73 -934.543 124.775 
228.7 228 180 389.681 -2958.69 -606.519 
227.3 228 180 -366.607 2048.38 1601.93 
228.7 228 204 -638.808 -51.6982 -1873.26 
227.3 228 204 -49.1763 -1816.22 747.855 
228.7 228 228 1694 2075.56 174.577 
227.3 228 228 2377.59 212.448 736.604 
